,acchr,dayofweek,accmon,accday,num
1796,8,2,7,25,1
1799,19,6,8,19,1
1945,5,6,3,25,1
1969,18,2,5,30,1
1971,9,3,7,12,1
1988,6,6,3,25,1
1989,12,5,5,5,1
1990,7,2,5,9,1
1991,14,6,5,20,1
1997,16,5,9,1,1
1998,3,6,9,16,1
1999,15,1,10,9,1
2000,14,7,10,22,1
2007,19,1,2,6,1
2010,15,6,2,25,1
2014,2,3,4,12,1
2015,2,6,4,22,1
2017,2,7,3,26,1
2019,0,7,4,2,1
2022,14,4,5,18,1
2023,22,5,5,26,1
2027,21,1,6,26,1
2031,17,3,7,19,1
2032,6,3,8,2,1
2035,10,3,8,16,1
2037,19,5,6,23,1
2042,14,3,8,30,1
2051,2,7,9,24,1
2057,18,4,11,23,1
2064,18,4,11,9,1
2065,8,5,7,28,1
2079,14,7,8,13,1
2081,9,5,12,15,1
2082,18,4,6,8,1
2094,20,5,8,11,1
2097,13,1,9,11,1
2100,21,2,6,20,1
2101,22,2,10,3,1
2103,19,2,10,24,1
2117,16,6,2,11,1
2118,15,2,2,14,1
2119,0,3,2,8,1
2120,16,4,3,2,1
2127,0,1,5,1,1
2136,12,5,6,23,1
2138,14,3,9,20,1
2141,0,6,10,28,1
2146,18,1,3,20,1
2148,18,4,3,23,1
2150,22,6,5,6,1
2151,20,2,5,16,1
2152,16,5,5,26,1
2153,2,5,6,2,1
2156,16,3,6,14,1
2158,17,5,6,16,1
2161,13,7,7,9,1
2165,13,7,7,9,1
2166,7,6,8,19,1
2168,22,3,8,9,1
2171,8,2,12,19,1
2208,19,5,1,13,1
2209,15,1,2,6,1
2211,15,7,2,26,1
2215,13,4,7,6,1
2216,14,1,7,31,1
2217,4,6,8,5,1
2223,21,3,2,8,1
2224,21,7,4,2,1
2225,11,3,4,5,1
2231,0,5,6,2,1
2241,15,4,2,9,1
2242,12,5,6,9,1
2245,22,4,9,28,1
2246,19,3,10,18,1
2248,1,7,10,1,1
2253,11,4,3,30,1
2257,23,2,6,13,1
2264,15,2,11,28,1
2265,0,7,2,5,1
2267,6,2,8,15,1
2268,15,4,9,7,1
2278,12,7,4,16,1
2298,13,1,1,9,1
2299,11,3,2,1,1
2302,6,5,7,28,1
2303,11,7,9,3,1
2304,16,4,10,5,1
2316,0,7,1,15,1
2317,13,2,1,10,1
2319,13,1,2,27,1
2323,15,6,5,27,1
2325,21,5,7,28,1
2326,22,1,7,31,1
2327,14,2,8,8,1
2328,21,1,8,14,1
2331,6,5,9,8,1
2337,10,6,10,7,1
2338,10,6,11,4,1
2339,14,3,11,8,1
2340,21,6,12,2,1
2374,20,1,3,6,1
2375,23,7,4,2,1
2376,0,7,5,14,1
2377,15,6,8,12,1
2382,19,6,10,7,1
2384,17,6,10,7,1
2387,7,2,1,10,1
2390,9,1,3,6,1
2391,11,7,4,16,1
2396,16,1,6,19,1
2407,8,1,12,11,1
2408,17,4,12,14,1
2418,20,5,3,3,1
2422,11,7,4,16,1
2423,8,6,4,1,1
2424,16,4,4,6,1
2426,18,2,5,9,1
2427,14,4,6,8,1
2431,16,3,7,26,1
2433,14,3,8,30,1
2448,8,2,1,24,1
2449,21,4,7,27,1
2461,1,1,4,3,1
2470,12,2,7,11,1
2471,23,7,6,4,1
2472,11,4,8,17,1
2476,17,6,9,30,1
2479,11,3,11,1,1
2483,12,6,9,30,1
2492,3,1,11,20,1
2500,16,2,4,4,1
2504,12,5,6,2,1
2508,17,5,9,1,1
2513,16,3,11,29,1
2519,16,1,1,23,1
2520,19,1,3,6,1
2523,21,2,7,18,1
2525,1,6,8,19,1
2529,20,1,12,18,1
2535,18,7,3,26,1
2537,6,2,4,25,1
2538,16,3,5,31,1
2547,17,2,7,11,1
2554,5,1,9,18,1
2559,15,3,2,15,1
2560,20,5,3,17,1
2562,10,5,4,28,1
2563,1,5,4,28,1
2565,6,4,5,25,1
2566,5,4,6,8,1
2569,14,3,7,5,1
2573,10,7,10,29,1
2574,7,2,11,7,1
2590,7,5,10,20,1
2596,13,7,2,5,1
2597,20,4,2,23,1
2601,22,6,3,11,1
2610,4,3,7,5,1
2616,22,7,9,10,1
2618,23,7,9,3,1
2647,20,1,3,13,1
2653,10,5,8,11,1
2654,6,3,8,16,1
2656,20,1,9,4,1
2657,21,4,10,12,1
2667,16,2,7,18,1
2670,14,2,10,24,1
2673,23,2,4,4,1
2686,17,2,1,31,1
2687,16,4,2,9,1
2689,15,2,4,25,1
2691,18,4,5,18,1
2692,22,1,6,5,1
2695,18,7,7,16,1
2696,19,2,7,18,1
2698,17,4,8,17,1
2704,0,2,10,24,1
2713,0,6,7,29,1
2717,4,1,9,4,1
2725,18,5,4,7,1
2728,23,7,7,16,1
2741,2,1,4,24,1
2742,16,2,4,25,1
2750,15,2,11,14,1
2756,18,5,2,3,1
2759,19,6,3,4,1
2760,7,7,3,5,1
2765,17,2,3,28,1
2766,22,5,3,10,1
2774,18,3,3,1,1
2786,5,5,6,30,1
2787,23,3,5,3,1
2788,14,2,7,4,1
2794,7,4,7,13,1
2798,22,5,8,18,1
2800,14,7,8,13,1
2806,18,7,7,30,1
2816,15,5,11,17,1
2817,23,6,12,9,1
2818,10,6,12,9,1
2820,10,6,12,16,1
2837,8,5,10,20,1
2842,9,4,11,23,1
2849,21,7,2,5,1
2855,15,5,5,12,1
2859,16,7,4,30,1
2866,16,6,8,19,1
2868,8,1,10,2,1
2869,17,3,10,11,1
2870,20,3,11,1,1
2873,0,2,12,12,1
2875,16,1,1,16,1
2877,15,2,2,14,1
2884,19,1,5,8,1
2885,9,2,6,20,1
2887,16,6,8,5,1
2890,1,2,9,5,1
2895,23,7,8,27,1
2907,18,3,2,15,1
2908,11,5,1,6,1
2909,14,4,2,9,1
2910,18,5,2,17,1
2914,17,6,5,6,1
2915,18,4,5,11,1
2918,7,4,6,29,1
2920,3,6,8,5,1
2921,14,5,8,11,1
2922,16,5,6,30,1
2923,16,3,9,20,1
2925,17,2,8,22,1
2926,3,6,9,30,1
2930,10,3,9,27,1
2966,14,7,1,8,1
2967,16,7,2,12,1
2971,22,1,3,6,1
2972,1,1,3,13,1
2976,1,5,5,12,1
2977,15,4,6,1,1
2987,7,4,10,26,1
2988,15,6,10,28,1
2992,8,6,3,4,1
2993,17,5,3,10,1
2995,1,1,5,22,1
2997,18,6,5,6,1
3005,22,4,10,5,1
3007,22,6,11,4,1
3011,4,6,8,19,1
3012,16,4,9,28,1
3013,20,7,10,15,1
3017,10,2,5,16,1
3024,11,3,8,23,1
3027,7,7,10,15,1
3030,1,1,5,22,1
3043,18,4,7,6,1
3059,16,1,5,22,1
3067,22,6,12,2,1
3069,6,5,12,29,1
3080,7,5,2,24,1
3082,7,3,3,15,1
3083,9,6,3,18,1
3084,6,4,4,6,1
3090,1,7,6,11,1
3091,20,7,6,25,1
3092,18,6,6,10,1
3093,7,4,6,22,1
3094,23,7,6,25,1
3098,14,2,9,5,1
3099,14,2,10,3,1
3105,0,6,11,25,1
3110,7,4,12,7,1
3113,22,7,6,25,1
3130,13,4,6,8,1
3165,6,1,6,19,1
3167,17,3,1,4,1
3173,0,7,4,30,1
3175,14,6,5,13,1
3183,20,1,8,28,1
3184,16,3,5,3,1
3188,2,1,11,6,1
3193,19,5,12,8,1
3197,7,5,3,24,1
3199,16,1,4,24,1
3200,2,1,4,17,1
3202,18,1,4,17,1
3204,19,2,5,16,1
3211,1,1,6,5,1
3215,1,6,9,2,1
3243,17,1,8,14,1
3244,15,1,7,10,1
3252,6,4,1,12,1
3254,15,3,3,22,1
3258,20,1,5,8,1
3266,18,1,9,11,1
3267,19,4,9,28,1
3277,14,2,10,3,1
3281,22,7,2,19,1
3288,17,3,4,19,1
3290,17,5,4,21,1
3292,22,3,5,17,1
3293,7,3,4,5,1
3294,18,7,4,9,1
3301,22,7,7,30,1
3307,22,4,10,26,1
3315,6,4,12,28,1
3316,13,3,12,27,1
3323,15,3,3,29,1
3324,7,5,1,20,1
3325,7,5,4,7,1
3328,20,3,10,11,1
3329,18,3,10,11,1
3330,16,2,10,17,1
3331,11,3,10,11,1
3332,13,5,11,17,1
3333,13,7,10,1,1
3348,18,6,4,15,1
3361,18,6,8,5,1
3365,21,1,8,7,1
3367,16,4,10,5,1
3375,18,4,1,12,1
3376,7,7,1,15,1
3386,15,4,5,11,1
3387,0,2,5,30,1
3388,1,3,5,10,1
3389,17,1,5,22,1
3393,5,1,7,3,1
3396,15,6,7,29,1
3402,9,1,8,7,1
3405,15,1,9,11,1
3411,23,5,12,1,1
3428,15,5,3,10,1
3433,19,2,8,8,1
3438,20,6,10,14,1
3440,10,3,2,1,1
3441,19,5,2,17,1
3442,8,2,2,28,1
3444,17,2,3,14,1
3447,17,4,6,1,1
3450,11,7,7,23,1
3453,20,2,1,3,1
3464,21,5,4,14,1
3466,6,6,5,6,1
3467,11,2,6,20,1
3468,16,1,7,3,1
3474,18,2,8,29,1
3475,20,2,8,29,1
3479,18,5,8,25,1
3482,18,1,1,16,1
3486,22,1,1,16,1
3487,7,3,2,1,1
3488,15,1,2,6,1
3493,18,6,2,11,1
3501,16,4,4,20,1
3503,8,6,5,6,1
3509,19,6,6,10,1
3514,17,3,6,21,1
3518,16,3,8,23,1
3525,3,1,9,18,1
3529,1,6,11,18,1
3534,18,3,3,22,1
3542,14,5,1,27,1
3544,15,7,1,22,1
3547,13,1,3,13,1
3553,20,6,3,25,1
3555,22,4,5,11,1
3559,6,5,6,16,1
3561,19,2,8,15,1
3563,2,4,9,7,1
3575,17,3,12,6,1
3576,12,2,11,28,1
3583,8,6,1,7,1
3586,6,3,1,25,1
3588,7,3,3,8,1
3592,13,7,3,26,1
3600,18,1,7,17,1
3603,10,6,7,29,1
3604,7,5,4,14,1
3607,15,2,9,5,1
3612,19,2,10,10,1
3613,9,7,10,15,1
3617,19,2,12,5,1
3623,20,5,3,3,1
3625,16,3,1,4,1
3627,11,7,1,8,1
3632,19,4,1,26,1
3634,3,6,1,28,1
3635,11,7,2,5,1
3636,23,1,2,13,1
3638,7,1,2,20,1
3639,14,3,2,15,1
3641,18,3,2,22,1
3642,0,1,3,6,1
3643,23,5,2,17,1
3644,14,4,3,23,1
3652,19,2,4,4,1
3653,17,1,4,10,1
3654,20,7,3,12,1
3655,14,5,4,7,1
3657,2,6,5,6,1
3660,2,3,4,5,1
3662,22,1,2,13,1
3663,19,2,4,18,1
3665,17,2,5,16,1
3667,17,6,5,20,1
3672,8,3,5,31,1
3677,10,1,5,29,1
3680,15,2,6,13,1
3681,4,3,6,14,1
3682,18,3,6,14,1
3683,10,7,6,11,1
3687,4,6,4,29,1
3688,18,7,6,11,1
3689,20,3,7,12,1
3690,22,1,3,20,1
3693,19,3,8,2,1
3694,20,3,8,2,1
3696,2,2,8,8,1
3697,7,1,8,7,1
3698,2,2,8,8,1
3699,16,3,8,9,1
3700,19,6,7,29,1
3702,99,6,7,8,1
3703,13,2,7,11,1
3704,17,2,7,11,1
3706,14,3,7,19,1
3709,6,2,6,20,1
3710,20,7,6,25,1
3711,13,1,6,26,1
3713,5,5,7,28,1
3714,6,1,7,31,1
3717,13,1,8,21,1
3718,21,4,8,24,1
3721,5,6,7,1,1
3722,5,1,7,3,1
3725,7,1,8,28,1
3727,23,7,8,27,1
3729,16,3,7,26,1
3731,7,6,8,12,1
3735,10,3,10,11,1
3739,9,6,9,16,1
3740,20,6,9,16,1
3741,8,3,9,20,1
3743,7,7,10,8,1
3750,19,5,10,27,1
3753,7,2,12,5,1
3755,11,2,10,24,1
3758,14,5,11,3,1
3759,7,1,11,6,1
3762,11,2,12,26,1
3763,11,7,12,31,1
3764,8,2,11,7,1
3766,9,5,11,10,1
3769,2,2,11,21,1
3776,15,2,12,5,1
3780,16,4,12,28,1
3788,17,7,11,19,1
3820,10,1,5,1,1
3821,15,1,5,8,1
3822,6,6,6,3,1
3827,0,7,11,19,1
3837,20,4,1,5,1
3838,6,3,1,18,1
3845,0,7,3,5,1
3851,14,3,3,22,1
3854,6,2,3,21,1
3855,22,7,1,22,1
3857,6,1,2,27,1
3864,15,1,4,10,1
3877,16,6,1,21,1
3879,21,2,5,30,1
3884,7,3,6,21,1
3897,0,2,8,22,1
3901,5,6,9,23,1
3910,7,7,11,5,1
3912,9,5,11,17,1
3921,20,4,8,10,1
3922,11,4,12,14,1
3926,7,3,12,27,1
3933,21,1,11,27,1
3937,8,7,12,3,1
3940,18,1,1,16,1
3942,20,4,1,26,1
3943,11,6,2,4,1
3945,20,5,2,24,1
3946,15,3,3,22,1
3947,22,7,3,26,1
3950,20,3,4,5,1
3951,17,1,4,24,1
3952,7,6,4,29,1
3953,14,5,4,7,1
3962,21,2,5,30,1
3965,2,5,6,23,1
3966,10,6,6,10,1
3971,9,7,7,9,1
3972,11,3,7,12,1
3976,0,7,9,10,1
3979,6,6,10,21,1
3980,23,7,10,22,1
3992,18,4,1,5,1
3995,13,7,4,30,1
3997,21,7,5,28,1
3998,11,1,7,3,1
4001,17,1,9,11,1
4009,22,6,2,25,1
4010,4,7,3,12,1
4017,9,7,1,1,1
4020,14,4,2,9,1
4021,15,1,2,27,1
4022,22,2,3,21,1
4023,1,4,3,30,1
4025,16,5,5,5,1
4031,6,5,6,9,1
4033,12,5,6,16,1
4036,13,5,5,19,1
4037,12,7,7,16,1
4041,6,5,8,25,1
4042,12,2,9,12,1
4045,16,3,9,20,1
4047,20,3,10,4,1
4048,11,2,10,31,1
4050,8,4,10,5,1
4053,7,6,9,2,1
4056,19,1,10,9,1
4057,6,6,9,2,1
4138,9,5,1,13,1
4139,9,2,1,24,1
4142,18,2,2,21,1
4143,6,6,3,4,1
4144,7,4,3,16,1
4145,11,2,3,28,1
4147,16,4,4,13,1
4148,22,5,4,21,1
4149,18,3,4,26,1
4151,21,5,6,2,1
4152,19,5,6,2,1
4153,15,6,6,24,1
4155,16,7,6,25,1
4156,10,2,7,4,1
4160,9,4,7,20,1
4161,19,7,7,23,1
4162,15,7,7,30,1
4165,17,1,8,21,1
4166,13,4,8,24,1
4167,16,1,9,4,1
4171,0,1,10,16,1
4173,20,5,10,13,1
4174,15,1,10,23,1
4176,17,4,11,2,1
4181,16,3,12,6,1
4183,9,7,12,24,1
4185,22,4,11,9,1
4193,20,2,3,7,1
4197,4,6,3,25,1
4199,10,1,4,3,1
4201,16,5,4,14,1
4206,10,6,5,13,1
4207,12,1,5,1,1
4208,12,4,5,11,1
4209,7,6,5,13,1
4217,16,1,7,3,1
4221,12,1,8,7,1
4231,2,1,10,16,1
4235,22,7,11,5,1
4240,12,4,12,21,1
4246,17,5,3,17,1
4248,12,6,7,8,1
4249,12,1,10,23,1
4265,21,6,6,10,1
4277,8,6,10,28,1
4278,17,1,9,25,1
4283,1,2,11,21,1
4285,0,7,12,10,1
4288,19,7,8,20,1
4289,8,2,2,14,1
4290,3,1,7,24,1
4291,23,2,5,9,1
4293,10,4,10,19,1
4295,17,4,7,27,1
4296,0,3,1,4,1
4298,8,7,1,22,1
4337,7,4,3,9,1
4342,14,3,5,3,1
4343,6,3,5,17,1
4347,22,5,7,7,1
4350,9,1,9,4,1
4352,15,5,11,10,1
4375,13,4,1,12,1
4376,15,1,1,23,1
4378,16,7,1,29,1
4379,15,4,2,16,1
4382,17,3,4,12,1
4383,22,1,4,3,1
4384,18,3,4,12,1
4385,20,6,4,22,1
4387,8,3,4,12,1
4388,2,6,5,6,1
4390,10,4,5,25,1
4395,1,2,3,7,1
4402,21,3,8,23,1
4406,2,5,9,22,1
4407,8,2,9,19,1
4408,19,7,10,1,1
4413,13,2,9,19,1
4415,16,3,9,27,1
4419,14,7,10,22,1
4423,15,4,11,30,1
4424,5,2,11,21,1
4438,22,6,3,11,1
4439,2,1,3,27,1
4515,14,2,5,30,1
4517,16,5,7,7,1
4518,21,4,7,20,1
4520,1,5,8,25,1
4521,3,6,4,8,1
4522,22,7,5,28,1
4524,22,2,9,26,1
4525,18,2,11,28,1
4526,7,7,10,22,1
4530,14,1,11,6,1
4531,9,1,6,26,1
4535,7,4,11,9,1
4538,14,7,1,15,1
4539,14,6,2,11,1
4542,12,1,3,20,1
4543,22,4,3,9,1
4544,1,4,3,23,1
4545,1,1,4,3,1
4546,4,7,1,29,1
4549,16,1,4,10,1
4550,14,7,5,21,1
4551,7,2,5,16,1
4552,23,2,6,13,1
4554,2,4,6,22,1
4555,8,1,6,26,1
4556,16,5,3,31,1
4558,16,6,7,1,1
4559,14,5,7,7,1
4560,6,3,6,14,1
4561,20,3,7,19,1
4562,23,5,7,21,1
4564,11,1,7,31,1
4566,13,1,7,10,1
4568,14,4,8,24,1
4570,16,7,8,27,1
4571,8,5,9,8,1
4572,15,1,9,11,1
4575,23,6,9,16,1
4576,16,6,9,23,1
4577,12,5,10,20,1
4578,15,4,11,2,1
4580,2,1,11,13,1
4581,15,2,11,7,1
4582,21,4,11,23,1
4583,13,1,9,4,1
4584,14,2,11,28,1
4585,9,2,12,5,1
4586,17,3,12,6,1
4590,19,2,10,10,1
4592,22,5,12,8,1
4600,2,4,2,16,1
4604,9,4,2,16,1
4607,22,6,3,25,1
4610,23,7,3,5,1
4612,0,7,4,16,1
4613,11,3,5,24,1
4615,4,1,5,15,1
4619,6,5,6,23,1
4623,5,5,7,7,1
4624,3,7,7,23,1
4627,18,5,8,4,1
4628,22,2,8,1,1
4629,15,6,8,12,1
4630,9,3,8,16,1
4633,6,6,9,30,1
4634,13,7,9,10,1
4656,14,6,3,4,1
4659,8,4,6,29,1
4676,12,4,4,6,1
4681,17,1,5,22,1
4689,9,7,6,25,1
4690,23,5,6,30,1
4691,15,2,7,4,1
4698,1,1,7,24,1
4703,9,3,8,9,1
4704,16,1,9,4,1
4706,16,4,8,31,1
4711,19,7,11,5,1
4724,9,1,3,6,1
4727,19,1,3,13,1
4740,9,4,7,6,1
4743,6,4,7,13,1
4747,6,2,4,25,1
4762,5,7,11,5,1
4770,14,3,6,14,1
4777,8,1,10,9,1
4778,16,2,11,14,1
4782,4,7,1,1,1
4785,3,3,1,18,1
4786,2,7,2,5,1
4796,12,2,4,25,1
4797,20,1,5,29,1
4801,11,5,5,5,1
4807,14,6,6,17,1
4812,21,1,8,21,1
4813,18,6,9,30,1
4829,2,7,12,3,1
4836,23,1,5,8,1
4839,11,4,1,12,1
4840,14,7,2,12,1
4841,13,4,2,23,1
4842,0,2,2,28,1
4843,11,5,3,3,1
4844,13,5,3,24,1
4845,15,3,4,19,1
4847,18,5,3,17,1
4849,7,3,5,24,1
4851,0,4,6,22,1
4852,22,1,6,26,1
4853,23,2,7,11,1
4854,1,2,7,18,1
4855,22,5,7,28,1
4856,8,4,8,17,1
4857,21,2,8,1,1
4858,17,7,9,17,1
4859,22,1,9,18,1
4860,18,4,9,21,1
4862,17,4,10,5,1
4863,20,7,10,15,1
4864,0,7,10,29,1
4865,12,5,10,27,1
4866,13,7,11,5,1
4867,1,7,10,8,1
4868,17,1,12,11,1
4870,22,3,12,20,1
4887,18,3,3,1,1
4898,9,1,5,29,1
4908,7,5,8,11,1
4917,12,1,8,14,1
4921,12,6,10,14,1
4924,1,6,9,16,1
4925,14,6,9,16,1
4926,21,7,9,17,1
4929,8,5,9,8,1
4930,8,3,9,20,1
4941,18,5,12,8,1
4948,20,6,1,7,1
4949,16,1,1,9,1
4956,2,2,2,28,1
4958,9,6,3,4,1
4961,10,7,3,5,1
4962,18,1,2,20,1
4969,16,5,4,14,1
4972,6,5,4,28,1
4973,20,2,5,2,1
4976,0,7,6,4,1
4977,17,6,6,10,1
4981,20,2,6,20,1
4995,21,7,8,20,1
4996,10,3,8,23,1
5000,18,2,8,22,1
5009,5,7,9,10,1
5011,23,1,9,25,1
5014,6,2,10,10,1
5022,16,6,12,2,1
5023,19,7,12,3,1
5024,21,6,11,11,1
5043,10,4,2,9,1
5046,20,7,2,12,1
5047,22,4,3,2,1
5048,5,7,3,12,1
5050,8,6,3,18,1
5051,16,7,3,19,1
5052,9,5,3,31,1
5053,10,3,5,17,1
5054,8,1,6,12,1
5055,18,3,6,21,1
5056,13,7,7,2,1
5058,21,2,7,18,1
5060,22,5,8,18,1
5063,4,7,8,27,1
5071,11,4,12,21,1
5075,7,7,3,19,1
5077,10,6,4,1,1
5078,17,7,4,23,1
5080,15,4,5,18,1
5081,4,6,5,20,1
5083,20,3,5,24,1
5084,15,4,6,15,1
5089,18,7,8,20,1
5091,16,6,9,9,1
5093,9,6,9,23,1
5094,9,7,9,24,1
5097,21,7,11,26,1
5100,10,1,3,6,1
5103,23,6,5,6,1
5104,21,5,5,19,1
5105,13,6,5,20,1
5114,17,4,7,27,1
5117,21,3,10,11,1
5124,17,5,1,27,1
5127,5,4,2,9,1
5128,16,7,2,19,1
5135,16,3,5,17,1
5136,2,7,5,21,1
5139,6,2,6,13,1
5145,22,2,8,22,1
5147,1,1,8,28,1
5148,12,7,9,3,1
5154,14,4,11,9,1
5156,13,4,11,23,1
5172,10,7,7,2,1
5173,18,4,7,13,1
5183,4,2,11,14,1
5188,11,4,12,21,1
5195,9,4,1,5,1
5201,21,1,3,20,1
5204,12,1,3,20,1
5214,15,1,7,17,1
5218,20,2,8,8,1
5219,16,4,8,10,1
5231,20,2,8,29,1
5240,1,1,11,6,1
5241,13,6,11,25,1
5247,16,6,11,11,1
5249,11,1,1,9,1
5250,15,6,1,14,1
5255,7,4,3,16,1
5259,11,6,5,13,1
5263,16,1,6,5,1
5267,16,5,6,23,1
5273,7,6,8,19,1
5279,12,2,10,10,1
5281,7,6,10,21,1
5285,3,6,11,18,1
5290,9,3,1,11,1
5291,11,6,1,14,1
5293,9,3,1,25,1
5294,14,3,1,25,1
5295,0,1,1,23,1
5296,17,6,1,28,1
5297,10,1,1,30,1
5299,12,5,2,10,1
5305,23,6,2,18,1
5307,12,2,2,21,1
5308,21,7,1,22,1
5309,9,5,2,24,1
5310,9,4,2,23,1
5311,1,7,3,5,1
5313,15,7,3,19,1
5318,14,7,3,19,1
5319,13,5,3,31,1
5323,14,2,4,11,1
5324,13,1,3,13,1
5325,13,1,4,10,1
5326,10,4,4,27,1
5327,9,3,5,10,1
5330,9,7,5,7,1
5332,16,7,4,16,1
5335,22,1,2,13,1
5336,19,5,4,14,1
5337,9,5,5,5,1
5338,22,5,5,12,1
5339,23,6,3,18,1
5340,22,2,5,16,1
5345,12,7,5,28,1
5346,8,1,5,29,1
5347,11,7,5,21,1
5348,21,5,6,9,1
5349,20,1,6,5,1
5350,13,2,6,6,1
5351,22,1,6,12,1
5352,12,4,6,15,1
5360,99,2,7,18,1
5370,20,6,8,5,1
5371,18,7,8,6,1
5372,14,5,6,23,1
5373,8,3,7,26,1
5374,3,4,7,27,1
5377,5,1,8,7,1
5380,17,5,2,17,1
5381,10,6,8,12,1
5390,2,1,10,16,1
5392,18,5,9,15,1
5393,16,3,9,20,1
5394,1,7,9,24,1
5395,22,5,10,13,1
5399,12,7,10,1,1
5400,2,6,9,16,1
5406,22,6,10,28,1
5422,22,6,11,11,1
5423,23,2,11,14,1
5424,13,5,11,17,1
5425,1,7,11,19,1
5428,14,7,12,10,1
5429,15,1,12,11,1
5430,16,2,12,12,1
5431,4,3,12,20,1
5432,11,2,11,28,1
5435,4,4,11,23,1
5437,8,2,12,5,1
5442,12,3,12,20,1
5444,13,3,12,6,1
5445,11,3,11,29,1
5477,3,1,6,19,1
5478,13,3,7,19,1
5479,22,3,7,26,1
5480,8,4,8,31,1
5482,5,4,11,16,1
5484,23,7,4,2,1
5486,9,4,11,23,1
5487,22,6,7,15,1
5489,14,2,8,8,1
5493,16,1,1,9,1
5497,13,6,1,28,1
5504,23,4,1,26,1
5508,14,1,4,3,1
5518,20,5,5,12,1
5521,20,4,5,11,1
5522,22,6,5,13,1
5526,16,7,3,12,1
5530,14,1,5,22,1
5533,4,3,4,19,1
5535,9,6,7,8,1
5538,13,3,3,8,1
5544,19,1,7,3,1
5545,13,1,7,24,1
5546,17,7,5,14,1
5547,16,7,7,23,1
5549,12,4,7,20,1
5552,7,7,9,3,1
5554,16,4,8,31,1
5563,18,4,7,27,1
5565,14,3,7,26,1
5568,12,6,11,25,1
5570,6,2,12,12,1
5571,21,3,12,13,1
5583,22,5,1,6,1
5584,7,4,1,19,1
5586,14,1,2,6,1
5592,22,5,3,31,1
5593,3,5,4,7,1
5595,8,3,4,5,1
5598,3,1,5,22,1
5600,14,3,5,3,1
5609,14,3,8,9,1
5611,2,4,8,3,1
5612,1,1,8,7,1
5615,8,7,10,1,1
5616,7,1,10,23,1
5617,13,7,10,29,1
5620,2,2,11,14,1
5622,16,3,12,6,1
5623,4,6,12,9,1
5628,17,4,7,27,1
5629,9,3,8,9,1
5640,16,4,1,12,1
5641,6,2,1,3,1
5642,16,4,1,12,1
5643,18,4,1,26,1
5644,16,4,2,9,1
5652,12,3,2,15,1
5656,14,6,5,20,1
5657,0,1,5,22,1
5659,16,5,5,19,1
5660,17,3,6,7,1
5661,4,4,6,8,1
5663,12,4,6,29,1
5664,18,4,6,29,1
5667,7,2,8,8,1
5669,3,5,8,4,1
5670,7,7,8,13,1
5671,12,1,7,31,1
5674,16,3,6,28,1
5675,4,3,9,13,1
5676,21,6,8,26,1
5677,18,7,8,27,1
5678,16,2,9,12,1
5685,4,7,10,22,1
5687,4,2,11,7,1
5689,13,6,12,23,1
5690,1,6,12,9,1
5695,19,7,3,19,1
5699,0,5,5,5,1
5767,16,5,1,20,1
5770,17,5,2,10,1
5775,1,7,2,26,1
5778,18,2,3,14,1
5785,17,6,5,13,1
5786,16,2,5,23,1
5788,6,6,5,27,1
5790,10,4,5,25,1
5793,16,7,6,4,1
5795,13,7,6,11,1
5796,17,7,6,25,1
5797,17,6,7,8,1
5798,20,1,7,31,1
5800,8,2,8,8,1
5804,12,5,9,1,1
5807,5,3,9,13,1
5808,15,4,9,21,1
5809,7,2,9,26,1
5814,15,7,10,8,1
5815,16,2,10,10,1
5817,2,5,10,20,1
5818,19,3,10,11,1
5819,6,3,11,15,1
5821,10,6,11,4,1
5822,10,5,12,8,1
5823,0,1,12,18,1
5829,6,4,2,9,1
5830,14,3,2,8,1
5836,6,6,3,25,1
5846,16,3,5,10,1
5847,21,5,6,9,1
5848,16,7,6,18,1
5849,21,2,6,27,1
5851,21,4,4,20,1
5855,7,7,7,30,1
5861,19,2,11,14,1
5864,16,5,11,24,1
5867,23,2,11,21,1
5869,99,3,12,13,1
5872,10,2,2,28,1
5873,12,3,3,29,1
5874,6,3,3,22,1
5876,3,7,10,29,1
5877,18,7,10,15,1
5879,22,6,11,4,1
5880,13,2,12,26,1
5881,22,6,1,7,1
5886,14,6,6,3,1
5890,0,3,7,19,1
5892,13,4,7,13,1
5898,1,6,11,4,1
5900,21,7,9,24,1
5902,8,7,10,1,1
5905,8,2,2,28,1
5906,17,5,5,26,1
5907,12,2,4,25,1
5908,11,7,4,30,1
5910,14,2,9,19,1
5911,13,6,4,29,1
5915,13,3,12,27,1
5916,6,1,5,29,1
5917,12,4,6,1,1
5918,6,3,10,25,1
5938,9,1,7,3,1
5966,18,5,2,3,1
5967,9,5,2,17,1
5969,16,4,4,13,1
5970,4,2,4,18,1
5980,7,3,10,18,1
5981,5,3,12,6,1
5994,20,6,1,7,1
5995,8,4,2,9,1
5997,8,4,2,9,1
5998,13,7,3,19,1
6003,5,3,4,5,1
6007,13,4,4,13,1
6009,8,2,5,16,1
6011,11,7,5,21,1
6018,18,6,7,8,1
6024,16,3,7,26,1
6025,1,2,8,15,1
6026,14,6,8,12,1
6028,21,5,9,1,1
6032,9,1,10,16,1
6035,4,4,9,28,1
6036,16,7,11,5,1
6037,14,3,10,18,1
6038,19,5,10,27,1
6040,12,2,10,10,1
6042,7,7,10,8,1
6048,4,4,12,21,1
6087,5,7,11,19,1
6093,16,1,7,10,1
6144,18,1,3,13,1
6145,8,6,3,18,1
6147,7,7,4,23,1
6149,7,2,5,2,1
6150,5,4,5,25,1
6151,16,4,6,15,1
6152,10,5,6,9,1
6157,18,4,10,5,1
6159,11,7,11,26,1
6162,12,6,12,30,1
6163,21,2,8,22,1
6164,20,3,11,8,1
6165,12,5,8,4,1
6171,14,3,2,22,1
6172,7,4,3,9,1
6174,8,4,3,23,1
6177,17,7,5,7,1
6178,17,3,4,26,1
6180,19,4,5,25,1
6181,13,2,5,16,1
6183,16,2,6,13,1
6184,10,5,5,12,1
6186,22,3,6,7,1
6191,22,3,6,7,1
6193,7,4,6,29,1
6194,20,7,5,14,1
6196,17,2,7,11,1
6202,10,2,7,25,1
6203,11,1,7,10,1
6205,13,7,7,30,1
6206,4,7,8,6,1
6207,17,1,8,7,1
6209,18,7,8,13,1
6210,13,4,8,17,1
6212,4,4,8,10,1
6214,16,2,8,22,1
6216,17,4,9,7,1
6217,9,1,9,18,1
6221,23,5,10,27,1
6223,3,2,10,31,1
6225,8,5,9,1,1
6227,14,4,11,16,1
6232,12,4,12,21,1
6233,6,1,5,8,1
6235,18,2,1,17,1
6238,5,7,1,1,1
6245,11,4,3,30,1
6246,16,3,3,15,1
6247,8,2,3,21,1
6250,16,3,4,12,1
6255,18,5,5,12,1
6257,21,7,5,21,1
6258,19,2,6,13,1
6259,6,4,6,15,1
6262,22,7,7,2,1
6263,3,7,7,30,1
6264,11,3,7,19,1
6265,11,4,7,20,1
6266,15,5,7,14,1
6270,7,3,8,30,1
6271,3,6,8,12,1
6276,15,7,10,15,1
6277,18,4,10,19,1
6290,17,2,8,8,1
6301,11,4,1,12,1
6302,15,2,2,7,1
6303,3,3,2,8,1
6307,16,5,3,3,1
6312,15,6,4,15,1
6313,14,3,3,29,1
6318,17,7,5,14,1
6319,16,2,5,2,1
6321,15,1,5,29,1
6322,12,1,5,15,1
6323,23,7,6,11,1
6330,0,7,6,11,1
6332,11,6,8,5,1
6335,9,5,8,25,1
6342,17,3,8,9,1
6345,10,5,10,20,1
6355,7,7,12,17,1
6357,8,7,12,17,1
6359,22,6,11,4,1
6362,1,3,1,18,1
6363,7,3,3,15,1
6367,1,7,4,16,1
6374,8,6,7,15,1
6379,15,6,10,7,1
6385,5,2,11,21,1
6388,9,6,1,14,1
6390,2,7,3,12,1
6393,13,7,6,25,1
6394,12,5,6,30,1
6395,19,4,8,3,1
6406,7,7,2,26,1
6410,12,3,1,25,1
6414,13,5,4,21,1
6421,20,5,5,5,1
6425,17,1,5,22,1
6428,12,1,5,22,1
6429,22,4,6,29,1
6437,20,5,7,28,1
6438,5,2,8,8,1
6441,14,3,8,23,1
6442,21,5,8,4,1
6456,10,7,10,8,1
6460,16,6,10,7,1
6461,6,2,11,7,1
6476,19,3,7,12,1
6478,11,1,2,20,1
6479,20,6,3,18,1
6481,19,4,4,27,1
6482,11,6,4,29,1
6483,7,6,1,21,1
6485,16,6,5,6,1
6486,12,2,5,9,1
6487,15,3,5,10,1
6488,14,2,5,16,1
6489,0,6,5,20,1
6490,1,1,5,22,1
6492,14,2,8,1,1
6493,18,2,8,15,1
6494,12,5,9,1,1
6496,7,3,9,13,1
6497,12,3,11,1,1
6498,18,2,11,21,1
6499,19,2,10,3,1
6500,1,7,12,10,1
6501,21,4,12,21,1
6502,14,4,12,7,1
6503,7,6,9,30,1
6521,11,4,3,2,1
6525,17,1,1,2,1
6546,6,5,8,4,1
6571,19,6,1,28,1
6572,16,3,2,1,1
6573,13,1,2,13,1
6577,17,7,3,12,1
6583,5,4,3,9,1
6584,4,3,4,19,1
6585,0,2,4,25,1
6587,19,6,4,29,1
6592,10,7,5,7,1
6597,19,2,5,16,1
6603,4,5,6,9,1
6608,20,6,6,24,1
6611,17,4,6,8,1
6612,19,6,7,1,1
6613,17,6,7,29,1
6625,20,6,8,19,1
6629,21,7,9,10,1
6633,8,6,9,23,1
6635,19,1,10,2,1
6636,13,2,10,10,1
6637,21,5,10,13,1
6639,9,7,9,24,1
6641,1,4,10,12,1
6643,6,5,10,20,1
6645,12,7,11,5,1
6647,23,7,9,24,1
6648,7,1,8,28,1
6650,7,2,12,5,1
6651,0,7,10,29,1
6667,8,3,2,8,1
6668,19,5,2,10,1
6671,16,2,3,21,1
6675,23,6,5,20,1
6677,15,7,5,28,1
6678,8,2,5,30,1
6683,19,5,6,16,1
6684,8,6,6,24,1
6689,22,4,8,17,1
6690,2,2,8,8,1
6692,4,3,9,20,1
6693,14,6,9,23,1
6695,21,6,10,14,1
6697,23,4,10,5,1
6698,15,1,11,13,1
6699,9,3,11,22,1
6700,10,1,11,27,1
6707,12,7,4,9,1
6708,14,2,4,25,1
6713,15,2,7,18,1
6714,6,1,7,10,1
6716,15,6,8,12,1
6720,6,2,10,24,1
6721,18,6,11,4,1
6722,18,2,12,19,1
6723,15,3,12,27,1
6725,17,5,1,27,1
6728,8,5,4,7,1
6733,14,7,5,28,1
6734,19,6,5,27,1
6741,11,4,6,15,1
6742,5,5,12,1,1
6747,18,5,2,24,1
6748,21,5,3,17,1
6750,11,2,4,4,1
6751,15,7,4,9,1
6755,13,6,5,6,1
6756,15,2,5,9,1
6759,8,5,6,30,1
6762,23,6,7,22,1
6765,14,7,8,20,1
6767,19,4,8,10,1
6772,20,1,8,21,1
6775,9,6,9,30,1
6776,15,5,9,8,1
6778,8,6,9,16,1
6780,14,2,10,3,1
6782,0,1,10,16,1
6791,7,1,1,16,1
6794,6,1,1,9,1
6800,9,6,2,11,1
6808,14,2,3,28,1
6809,6,3,3,29,1
6817,1,1,4,17,1
6823,8,4,7,20,1
6824,16,4,6,22,1
6826,10,1,7,10,1
6834,6,7,7,16,1
6837,17,6,9,2,1
6839,11,7,8,27,1
6846,6,7,11,5,1
6858,11,7,1,15,1
6859,7,5,1,20,1
6863,21,5,3,10,1
6864,13,3,3,15,1
6868,10,1,4,24,1
6869,17,2,4,18,1
6875,5,4,5,25,1
6887,6,5,9,29,1
6888,12,7,10,1,1
6889,99,1,8,21,1
6891,18,7,9,24,1
6899,6,2,12,5,1
6907,11,6,1,7,1
6909,9,3,1,18,1
6912,17,7,1,29,1
6915,12,2,2,14,1
6918,4,6,2,25,1
6921,0,4,3,23,1
6924,6,3,4,12,1
6925,15,3,4,26,1
6927,8,2,5,9,1
6933,13,2,6,27,1
6934,14,7,1,1,1
6936,15,3,7,5,1
6939,14,3,8,2,1
6940,14,3,8,2,1
6941,15,3,8,2,1
6942,12,7,8,6,1
6943,5,1,8,21,1
6944,11,3,8,23,1
6945,14,2,9,5,1
6949,13,4,11,30,1
6952,5,2,12,12,1
6955,14,5,12,29,1
6956,9,2,6,13,1
6959,14,3,1,4,1
6964,10,2,1,17,1
6968,18,2,1,31,1
6969,0,3,2,1,1
6970,5,3,2,1,1
6971,23,1,1,30,1
6972,16,1,2,6,1
6975,11,1,2,13,1
6977,15,6,2,18,1
6982,18,2,2,21,1
6985,2,7,3,5,1
6986,10,6,3,18,1
6987,4,5,3,17,1
6988,5,4,3,30,1
6994,13,5,3,10,1
6995,5,1,4,3,1
6996,11,4,3,30,1
6997,9,6,4,1,1
7000,12,4,4,13,1
7004,4,6,4,22,1
7005,10,2,4,25,1
7007,16,5,5,5,1
7009,7,3,4,5,1
7011,15,5,5,12,1
7012,7,6,5,13,1
7013,14,7,5,14,1
7016,17,7,5,21,1
7018,4,6,5,27,1
7019,9,4,6,1,1
7020,10,7,4,9,1
7022,7,2,6,6,1
7023,11,3,6,14,1
7024,11,4,6,15,1
7025,14,5,6,16,1
7027,0,5,6,9,1
7032,8,5,7,14,1
7033,6,3,7,19,1
7035,18,2,8,1,1
7036,18,4,8,3,1
7038,11,1,8,7,1
7039,21,7,7,9,1
7040,15,1,7,10,1
7043,9,7,8,6,1
7044,23,7,6,18,1
7045,13,1,6,19,1
7047,10,7,6,25,1
7049,17,1,7,31,1
7050,7,5,7,14,1
7051,4,6,7,15,1
7055,8,2,8,22,1
7059,22,7,8,6,1
7060,14,6,8,26,1
7063,16,3,10,4,1
7066,3,7,9,10,1
7068,13,4,9,28,1
7069,22,3,10,11,1
7073,19,1,9,18,1
7074,16,6,9,23,1
7075,23,2,10,3,1
7076,13,4,10,5,1
7077,15,5,10,6,1
7089,9,1,10,23,1
7095,7,5,9,15,1
7096,9,1,11,27,1
7097,5,4,10,26,1
7098,16,5,10,27,1
7102,99,7,12,24,1
7103,14,4,12,28,1
7104,20,5,11,10,1
7106,18,2,10,31,1
7107,6,3,12,13,1
7108,7,5,12,15,1
7109,15,5,12,15,1
7110,17,1,12,18,1
7111,14,2,12,19,1
7112,17,3,12,20,1
7114,12,3,12,6,1
7115,7,6,12,9,1
7118,14,4,11,2,1
7124,14,4,8,3,1
7127,21,6,11,11,1
7128,7,5,12,15,1
7130,23,6,9,16,1
7153,14,4,1,12,1
7154,19,6,7,22,1
7155,14,2,8,8,1
7157,15,6,9,16,1
7159,99,7,6,4,1
7164,6,3,2,15,1
7170,14,1,2,27,1
7173,17,5,1,13,1
7182,21,6,4,8,1
7183,21,3,4,12,1
7185,9,1,4,17,1
7187,22,4,5,11,1
7189,10,2,4,25,1
7192,7,7,5,14,1
7201,16,4,6,1,1
7205,8,1,1,30,1
7213,23,5,7,7,1
7216,19,5,4,28,1
7224,12,1,6,12,1
7227,6,3,8,2,1
7231,11,7,7,16,1
7236,16,3,9,13,1
7240,5,7,9,17,1
7249,18,7,10,15,1
7259,3,2,12,19,1
7269,9,7,1,29,1
7271,16,7,2,19,1
7276,0,3,4,19,1
7284,20,4,5,11,1
7285,16,2,5,23,1
7287,19,4,6,1,1
7288,17,3,6,28,1
7289,0,1,7,10,1
7291,10,1,7,17,1
7293,7,7,7,23,1
7299,7,4,9,21,1
7300,5,6,9,30,1
7301,12,3,9,6,1
7307,6,2,10,31,1
7311,6,2,11,7,1
7326,2,7,11,19,1
7337,22,1,1,23,1
7339,20,6,2,18,1
7341,8,5,1,27,1
7343,14,7,4,9,1
7347,12,3,4,12,1
7349,12,4,4,6,1
7352,20,2,4,4,1
7359,5,5,6,9,1
7360,12,3,6,7,1
7361,17,7,6,18,1
7362,11,4,6,22,1
7365,9,1,7,10,1
7366,23,4,8,3,1
7367,9,4,8,10,1
7370,0,1,8,21,1
7373,4,3,8,30,1
7374,19,7,7,16,1
7377,6,1,7,10,1
7380,18,2,8,15,1
7381,5,1,10,2,1
7383,7,6,9,23,1
7390,16,2,10,31,1
7391,2,2,8,8,1
7393,11,1,11,27,1
7394,1,6,12,9,1
7396,16,2,12,26,1
7409,16,7,4,30,1
7441,8,1,10,9,1
7490,12,2,1,10,1
7492,11,6,1,28,1
7493,9,3,2,1,1
7494,17,5,2,3,1
7495,20,3,2,15,1
7496,16,1,2,13,1
7499,14,6,3,18,1
7502,21,5,4,7,1
7505,19,3,4,19,1
7506,13,6,4,22,1
7511,22,5,5,26,1
7512,16,2,5,30,1
7515,18,4,6,22,1
7516,20,5,6,30,1
7525,10,3,9,6,1
7526,15,5,9,15,1
7527,10,4,9,21,1
7528,11,1,9,25,1
7529,16,7,8,27,1
7531,5,6,9,23,1
7534,20,7,10,1,1
7537,8,4,10,12,1
7538,7,5,10,13,1
7542,8,2,10,31,1
7544,6,1,11,13,1
7545,19,1,11,20,1
7546,17,4,11,16,1
7551,8,6,12,16,1
7552,15,2,12,19,1
7553,15,7,1,1,1
7557,14,5,2,3,1
7562,15,4,3,9,1
7565,16,5,3,31,1
7568,6,5,4,14,1
7579,20,5,3,10,1
7580,8,1,2,27,1
7584,16,6,9,2,1
7590,15,4,8,31,1
7592,11,5,8,4,1
7596,6,6,9,16,1
7600,0,1,10,16,1
7602,19,3,11,8,1
7610,15,4,12,28,1
7616,1,7,6,25,1
7618,16,6,7,22,1
7619,12,1,8,21,1
7620,3,4,9,21,1
7621,14,6,10,7,1
7622,9,3,12,20,1
7624,14,7,12,31,1
7625,10,4,12,21,1
7641,19,1,10,2,1
7651,0,2,6,27,1
7653,21,7,10,8,1
7668,12,4,3,23,1
7700,20,5,10,6,1
7715,13,2,1,24,1
7716,8,3,3,29,1
7722,18,1,8,7,1
7724,14,2,8,29,1
7725,17,6,9,2,1
7727,6,6,9,30,1
7728,12,2,10,17,1
7734,15,5,3,10,1
7751,0,4,1,5,1
7752,99,6,1,7,1
7753,16,5,1,20,1
7760,3,7,3,19,1
7762,8,2,4,4,1
7767,1,2,4,25,1
7768,7,5,4,21,1
7769,15,7,5,7,1
7770,6,6,5,6,1
7774,21,3,5,17,1
7775,17,3,5,10,1
7782,15,5,6,30,1
7783,14,2,10,3,1
7784,0,5,9,29,1
7787,19,6,10,21,1
7788,21,1,9,18,1
7796,15,6,11,11,1
7800,6,3,11,29,1
7803,17,2,12,19,1
7804,8,4,12,21,1
7805,23,6,12,9,1
7807,15,6,9,16,1
7825,14,3,12,13,1
7887,13,7,1,29,1
7888,12,7,1,1,1
7893,12,5,3,17,1
7905,0,6,5,27,1
7908,13,7,8,27,1
7911,12,5,9,22,1
7912,7,6,12,2,1
7918,13,2,12,5,1
7919,8,1,12,4,1
7921,7,7,9,17,1
7925,17,1,7,17,1
7926,19,7,5,7,1
7927,13,5,5,26,1
7928,1,2,1,10,1
7929,6,4,1,12,1
7930,13,4,1,26,1
7931,8,4,1,26,1
7933,22,6,2,4,1
7934,13,7,2,19,1
7935,12,3,3,8,1
7936,17,5,3,17,1
7937,15,7,3,19,1
7942,10,1,4,10,1
7943,7,4,4,20,1
7944,8,4,4,13,1
7946,7,2,3,28,1
7948,10,6,4,29,1
7951,14,2,4,11,1
7952,14,5,5,12,1
7953,18,6,3,18,1
7954,21,2,6,13,1
7956,16,5,5,26,1
7958,17,7,5,28,1
7959,11,3,7,5,1
7960,17,5,7,7,1
7962,16,7,7,2,1
7963,20,2,7,11,1
7964,19,6,7,15,1
7965,15,1,7,31,1
7966,18,2,8,8,1
7967,15,7,9,17,1
7968,12,3,9,20,1
7970,21,3,8,30,1
7971,13,5,10,6,1
7973,6,1,10,23,1
7975,12,4,11,9,1
7978,1,1,11,13,1
7980,14,6,11,18,1
7997,16,1,3,27,1
7998,6,5,3,31,1
7999,11,5,3,17,1
8001,16,7,4,16,1
8005,17,3,5,24,1
8006,0,4,5,11,1
8007,18,4,6,1,1
8010,13,3,4,26,1
8012,2,1,7,10,1
8013,13,7,7,16,1
8014,10,5,7,14,1
8027,7,5,10,6,1
8040,12,2,1,10,1
8045,12,2,7,11,1
8047,1,4,2,2,1
8056,10,5,5,12,1
8059,1,4,5,11,1
8062,12,1,5,29,1
8067,15,6,7,29,1
8069,14,5,7,7,1
8073,14,3,8,16,1
8083,13,7,10,8,1
8084,15,4,10,5,1
8087,19,1,9,18,1
8099,18,3,2,8,1
8100,11,2,1,31,1
8103,10,1,4,24,1
8106,23,1,5,8,1
8110,0,5,5,5,1
8112,5,3,5,31,1
8119,19,5,7,21,1
8120,10,7,8,13,1
8126,10,7,7,23,1
8129,16,5,10,20,1
8131,18,7,10,22,1
8135,17,2,11,28,1
8146,12,5,4,14,1
8147,16,6,5,20,1
8148,17,6,5,13,1
8149,18,4,8,10,1
8168,3,6,4,15,1
8169,13,6,5,13,1
8173,15,3,5,31,1
8175,12,4,5,25,1
8194,8,6,10,14,1
8195,22,7,10,22,1
8197,17,4,10,12,1
8198,8,3,12,13,1
8207,13,1,12,4,1
8210,11,3,1,4,1
8211,6,2,2,21,1
8212,19,4,2,23,1
8213,5,6,2,25,1
8215,14,6,3,11,1
8216,18,4,4,20,1
8217,11,7,4,23,1
8219,9,5,4,28,1
8221,15,5,5,5,1
8222,22,5,5,26,1
8223,0,4,6,1,1
8224,0,2,6,13,1
8225,16,3,6,21,1
8226,18,2,6,27,1
8227,4,3,6,28,1
8228,0,7,5,7,1
8229,6,4,7,6,1
8230,12,2,7,18,1
8231,0,1,6,12,1
8232,23,3,8,9,1
8233,11,6,7,22,1
8234,23,5,9,1,1
8235,7,3,9,13,1
8236,8,3,9,27,1
8238,18,3,9,13,1
8239,7,6,11,4,1
8240,11,1,11,6,1
8241,13,4,11,23,1
8242,19,4,12,7,1
8244,14,4,12,14,1
8245,10,5,12,22,1
8263,13,3,3,8,1
8265,18,5,3,31,1
8277,15,1,7,17,1
8287,99,7,8,13,1
8292,14,1,10,16,1
8296,10,3,9,6,1
8307,18,3,12,20,1
8309,10,5,12,15,1
8313,8,4,1,5,1
8318,7,4,1,19,1
8320,13,1,1,23,1
8321,13,5,1,27,1
8323,15,7,1,1,1
8325,7,6,2,25,1
8337,13,6,4,15,1
8347,11,3,3,8,1
8348,19,1,4,10,1
8351,14,2,5,9,1
8352,11,3,5,31,1
8353,13,1,6,5,1
8355,11,3,6,7,1
8357,21,6,6,17,1
8359,22,3,6,21,1
8364,0,4,7,27,1
8367,14,3,8,2,1
8368,14,7,8,20,1
8371,16,4,8,31,1
8372,15,7,9,3,1
8373,13,7,9,3,1
8384,18,4,10,5,1
8395,12,7,11,26,1
8397,4,7,12,10,1
8400,7,6,12,23,1
8418,5,6,8,26,1
8426,7,6,1,14,1
8432,14,1,4,24,1
8434,15,7,5,28,1
8436,13,7,6,25,1
8440,9,5,7,21,1
8443,16,6,8,12,1
8444,4,2,8,15,1
8445,12,3,8,23,1
8453,11,2,11,14,1
8454,15,6,11,18,1
8457,18,6,12,30,1
8458,23,6,12,9,1
8463,7,1,3,6,1
8465,14,7,3,5,1
8466,22,2,3,21,1
8467,17,7,4,23,1
8470,15,7,5,21,1
8471,12,3,2,22,1
8473,17,7,6,4,1
8474,17,2,6,6,1
8475,16,5,6,16,1
8476,8,4,8,31,1
8478,23,4,9,28,1
8484,9,2,1,10,1
8488,1,7,3,26,1
8489,21,6,4,1,1
8494,10,2,6,20,1
8499,10,6,9,30,1
8503,15,1,11,20,1
8508,8,2,1,17,1
8509,7,3,2,1,1
8512,99,3,3,22,1
8513,2,7,4,2,1
8518,7,5,5,12,1
8520,14,2,7,4,1
8522,21,4,7,13,1
8529,20,3,8,23,1
8533,8,5,9,1,1
8535,15,7,9,3,1
8536,8,4,9,28,1
8537,12,6,9,30,1
8538,7,3,9,27,1
8543,6,4,11,16,1
8550,7,5,12,29,1
8555,6,7,3,26,1
8558,20,2,5,2,1
8559,5,4,5,11,1
8562,10,4,6,8,1
8572,21,2,8,15,1
8577,17,5,10,13,1
8579,23,5,10,27,1
8582,6,6,7,1,1
8588,23,6,6,24,1
8598,17,7,2,19,1
8601,9,2,2,21,1
8608,16,5,4,21,1
8616,18,1,7,31,1
8627,8,3,10,25,1
8631,16,4,12,28,1
8635,16,1,1,2,1
8637,14,1,1,9,1
8643,9,2,2,21,1
8646,6,3,4,19,1
8647,5,6,4,22,1
8648,16,1,4,24,1
8649,3,6,5,6,1
8652,10,7,6,4,1
8654,13,1,6,5,1
8657,7,2,6,13,1
8659,23,2,6,20,1
8662,15,3,7,5,1
8664,10,3,7,19,1
8670,11,3,9,13,1
8671,15,4,9,14,1
8672,17,5,9,15,1
8676,17,6,10,21,1
8677,20,7,11,5,1
8678,14,5,12,1,1
8685,17,6,1,7,1
8686,20,6,1,7,1
8689,7,6,1,14,1
8692,99,1,1,30,1
8695,19,7,1,29,1
8698,11,4,2,9,1
8702,18,6,2,11,1
8707,3,6,3,11,1
8709,17,3,3,15,1
8710,10,6,3,11,1
8711,8,4,3,30,1
8712,17,7,3,19,1
8714,14,2,3,7,1
8716,19,1,3,13,1
8718,20,4,3,16,1
8719,2,2,3,28,1
8721,6,3,3,29,1
8725,7,6,4,8,1
8726,0,4,4,27,1
8728,19,5,5,5,1
8730,13,6,5,13,1
8731,14,6,5,13,1
8732,12,1,5,8,1
8737,23,6,4,15,1
8738,0,3,5,3,1
8739,12,3,5,24,1
8740,15,1,5,15,1
8741,7,3,5,3,1
8744,14,1,5,8,1
8747,9,6,5,27,1
8750,17,4,5,25,1
8753,15,3,6,14,1
8754,99,4,6,15,1
8760,99,4,6,29,1
8762,10,5,6,9,1
8765,7,5,4,28,1
8766,16,3,7,12,1
8768,5,4,7,20,1
8772,9,7,7,2,1
8773,1,2,7,4,1
8774,0,6,7,8,1
8775,3,7,7,9,1
8779,15,1,8,14,1
8782,17,2,6,20,1
8785,15,3,8,9,1
8787,4,6,7,15,1
8788,5,3,7,26,1
8789,19,3,7,26,1
8791,14,5,8,25,1
8795,22,6,8,26,1
8796,17,1,7,24,1
8797,15,1,8,14,1
8798,12,1,9,4,1
8801,6,6,9,2,1
8803,11,1,6,26,1
8807,13,5,8,11,1
8809,17,3,9,27,1
8811,14,6,10,21,1
8812,8,5,10,6,1
8814,15,6,9,16,1
8815,13,1,9,18,1
8817,5,6,10,7,1
8818,7,6,10,7,1
8824,5,4,10,19,1
8835,21,2,10,24,1
8841,14,5,12,1,1
8844,6,3,11,15,1
8846,11,6,12,30,1
8847,5,1,9,25,1
8849,6,7,12,10,1
8852,8,7,12,17,1
8853,14,4,12,21,1
8854,17,2,11,28,1
8855,14,5,12,1,1
8864,18,4,8,24,1
8884,5,7,7,9,1
8894,3,6,4,29,1
8901,0,5,7,28,1
8903,21,2,10,10,1
8909,8,3,2,8,1
8911,19,1,1,9,1
8918,14,3,3,8,1
8919,10,3,3,22,1
8925,20,3,2,8,1
8927,11,2,4,11,1
8931,13,3,4,19,1
8933,13,6,5,6,1
8935,13,1,4,3,1
8944,7,3,5,31,1
8948,19,1,6,5,1
8951,7,4,6,8,1
8952,14,5,5,5,1
8953,18,5,1,27,1
8960,7,1,8,7,1
8964,14,4,7,20,1
8972,14,4,9,21,1
8997,9,6,10,28,1
8998,13,4,8,10,1
9001,4,7,2,5,1
9002,8,4,2,9,1
9010,9,2,3,21,1
9014,14,7,4,23,1
9017,7,2,4,18,1
9020,12,5,5,5,1
9026,8,5,6,23,1
9027,5,2,6,27,1
9030,20,7,7,16,1
9031,14,6,7,29,1
9032,9,4,8,3,1
9033,21,3,8,16,1
9034,6,4,8,17,1
9035,15,6,8,19,1
9036,20,7,8,20,1
9037,18,7,8,27,1
9038,20,7,8,20,1
9040,6,4,9,7,1
9041,17,4,9,14,1
9044,1,3,9,27,1
9045,9,5,9,29,1
9046,14,7,4,30,1
9054,20,3,11,22,1
9062,14,7,12,3,1
9068,7,3,1,11,1
9078,3,4,1,19,1
9080,16,7,2,19,1
9085,22,4,3,23,1
9086,20,5,3,31,1
9089,15,3,5,24,1
9091,15,3,5,10,1
9093,13,4,6,8,1
9094,14,3,5,24,1
9095,16,7,5,14,1
9101,8,6,8,12,1
9105,16,2,9,12,1
9106,14,7,8,27,1
9108,14,3,8,30,1
9117,2,5,9,15,1
9118,16,2,11,7,1
9121,17,7,12,3,1
9123,8,4,12,14,1
9128,10,6,12,30,1
9129,5,5,12,15,1
9150,12,5,4,21,1
9165,15,4,8,17,1
9168,18,6,9,2,1
9183,9,6,3,18,1
9189,14,7,10,15,1
9213,0,6,1,21,1
9214,12,3,1,25,1
9218,7,4,2,16,1
9220,8,5,2,17,1
9221,17,5,2,24,1
9222,7,4,1,19,1
9228,11,7,3,19,1
9230,20,7,3,26,1
9231,7,5,3,31,1
9234,15,4,4,6,1
9235,15,4,4,27,1
9236,15,6,4,29,1
9239,2,2,5,2,1
9240,17,7,5,21,1
9244,17,6,6,10,1
9245,17,5,6,16,1
9248,21,6,7,1,1
9249,13,7,7,2,1
9251,22,2,7,4,1
9254,22,2,7,18,1
9256,6,6,7,29,1
9257,19,6,8,5,1
9261,8,1,8,28,1
9262,11,4,8,31,1
9263,7,5,7,28,1
9266,20,6,9,23,1
9267,20,5,9,29,1
9269,21,5,10,13,1
9277,9,3,11,29,1
9278,15,1,11,27,1
9279,0,2,11,28,1
9280,14,2,11,28,1
9283,3,1,12,18,1
9285,7,5,12,22,1
9286,4,6,12,30,1
9287,0,7,1,1,1
9298,23,3,3,1,1
9300,20,4,3,16,1
9308,14,7,4,23,1
9314,8,2,5,30,1
9319,22,6,6,17,1
9322,7,1,5,22,1
9339,18,6,10,7,1
9345,17,4,10,26,1
9348,11,5,11,10,1
9349,20,6,8,12,1
9351,8,5,12,8,1
9358,8,4,1,19,1
9359,11,2,4,11,1
9360,19,1,5,22,1
9361,11,2,7,11,1
9363,21,6,8,19,1
9364,12,4,8,24,1
9365,12,5,9,15,1
9367,18,1,11,13,1
9371,4,3,1,4,1
9373,15,4,1,19,1
9374,9,6,3,11,1
9375,11,5,4,28,1
9379,19,1,7,10,1
9382,20,2,8,22,1
9388,2,5,12,29,1
9391,19,7,12,10,1
9394,1,1,6,19,1
9395,7,2,4,11,1
9396,18,4,8,3,1
9397,23,6,6,24,1
9398,18,2,8,29,1
9402,22,1,1,30,1
9426,17,5,8,11,1
9446,16,6,4,15,1
9451,8,6,7,8,1
9458,14,6,9,23,1
9461,5,7,10,29,1
9493,8,3,1,18,1
9495,20,6,1,28,1
9496,16,4,2,16,1
9499,17,5,3,31,1
9504,6,2,4,18,1
9514,6,2,6,6,1
9519,7,5,6,23,1
9521,23,5,6,23,1
9527,10,6,7,29,1
9528,17,1,7,10,1
9532,13,1,9,25,1
9533,15,7,9,17,1
9535,11,2,9,5,1
9537,13,1,10,2,1
9538,12,2,10,10,1
9541,13,4,10,12,1
9544,12,2,11,21,1
9566,18,5,3,17,1
9582,20,1,11,13,1
9641,6,7,1,1,1
9642,14,3,1,18,1
9644,5,2,1,31,1
9646,23,5,2,17,1
9649,17,2,5,30,1
9652,11,4,6,15,1
9657,12,3,9,13,1
9658,18,5,9,8,1
9659,12,1,10,23,1
9660,18,2,10,17,1
9661,12,6,10,14,1
9662,14,6,11,4,1
9664,10,6,12,9,1
9665,17,6,12,2,1
9677,12,1,8,21,1
9683,13,4,1,26,1
9684,7,5,3,31,1
9688,20,7,5,7,1
9689,3,7,2,5,1
9690,13,2,4,18,1
9692,16,1,4,17,1
9693,6,6,5,13,1
9695,7,2,3,14,1
9697,23,2,3,28,1
9698,9,7,5,28,1
9699,0,7,4,30,1
9700,6,2,6,27,1
9702,7,4,5,18,1
9704,8,7,7,23,1
9705,11,3,7,26,1
9706,17,5,8,18,1
9707,13,7,8,20,1
9709,7,4,8,31,1
9710,23,7,7,30,1
9711,5,1,9,18,1
9714,19,4,10,26,1
9716,11,5,11,24,1
9718,14,4,12,7,1
9719,0,3,12,13,1
9720,22,5,12,29,1
9722,20,6,7,15,1
9724,18,1,1,23,1
9730,21,2,3,7,1
9731,4,6,3,18,1
9733,18,5,1,20,1
9736,15,5,4,21,1
9740,18,7,5,28,1
9741,18,6,5,27,1
9742,8,2,5,9,1
9743,18,5,5,5,1
9745,6,5,5,5,1
9746,10,2,5,16,1
9749,12,6,6,17,1
9750,13,1,6,12,1
9752,9,5,6,30,1
9756,21,5,7,7,1
9758,20,4,7,13,1
9759,16,6,7,15,1
9763,5,5,7,28,1
9765,10,3,8,16,1
9766,16,5,8,4,1
9783,17,1,11,13,1
9786,13,1,11,20,1
9789,19,4,12,21,1
9798,12,7,1,15,1
9801,7,4,3,2,1
9806,13,1,2,20,1
9807,13,5,3,17,1
9808,15,4,3,23,1
9816,10,3,5,3,1
9818,10,5,5,5,1
9820,10,1,6,19,1
9825,18,7,7,2,1
9826,13,3,7,5,1
9828,17,6,7,22,1
9832,17,6,8,12,1
9834,21,6,8,19,1
9836,6,4,8,31,1
9842,22,1,10,23,1
9848,6,4,9,14,1
9850,14,1,11,13,1
9856,20,5,1,13,1
9859,14,7,1,15,1
9861,19,6,2,18,1
9862,18,4,3,9,1
9864,13,3,4,26,1
9866,2,6,5,20,1
9871,14,6,7,15,1
9875,17,5,7,21,1
9877,1,4,8,17,1
9888,10,7,12,10,1
9891,9,6,1,7,1
9892,2,2,2,7,1
9895,10,1,2,20,1
9897,11,1,5,15,1
9900,99,6,7,29,1
9905,14,6,10,14,1
9907,13,5,11,24,1
9911,9,7,12,31,1
9920,14,1,4,3,1
9925,23,3,4,26,1
9929,16,3,5,3,1
9946,4,1,8,7,1
9947,12,5,8,4,1
9949,18,5,9,22,1
9953,12,7,9,3,1
9971,16,5,1,20,1
9972,9,3,2,8,1
9973,20,3,2,8,1
9974,17,2,2,14,1
9976,19,7,3,19,1
9977,8,2,4,11,1
9978,7,3,5,10,1
9980,7,6,4,15,1
9981,13,4,7,27,1
9982,21,4,8,3,1
9984,21,1,8,28,1
9985,14,6,9,2,1
9986,9,6,9,2,1
9987,9,6,9,2,1
9988,9,6,9,9,1
9990,18,6,10,28,1
9991,15,3,11,8,1
9993,8,6,11,25,1
10020,3,5,4,21,1
10029,14,6,4,29,1
10034,14,2,5,30,1
10036,6,7,6,25,1
10038,0,1,6,19,1
10040,21,1,7,10,1
10056,12,5,9,29,1
10057,5,7,11,5,1
10068,17,4,1,19,1
10069,17,6,1,21,1
10074,2,4,2,23,1
10075,17,4,3,2,1
10078,18,6,3,11,1
10082,17,2,3,28,1
10089,21,6,4,22,1
10090,14,7,5,7,1
10091,18,6,5,13,1
10092,9,1,5,22,1
10096,23,2,6,6,1
10097,0,6,6,10,1
10099,18,5,6,16,1
10106,17,6,7,15,1
10107,0,7,7,23,1
10110,21,7,7,2,1
10117,12,3,8,16,1
10122,9,1,8,21,1
10126,19,5,2,3,1
10127,18,5,9,1,1
10128,17,1,9,4,1
10130,16,1,9,11,1
10133,5,3,10,11,1
10134,13,4,10,12,1
10140,18,5,9,15,1
10141,8,2,10,17,1
10144,0,1,11,20,1
10151,2,2,4,11,1
10152,17,5,2,17,1
10155,17,3,8,9,1
10164,16,4,6,29,1
10168,8,5,2,10,1
10169,22,2,2,21,1
10172,19,4,5,11,1
10174,12,6,5,27,1
10175,16,3,5,31,1
10176,16,1,5,29,1
10177,19,4,6,8,1
10179,19,5,7,28,1
10181,23,5,8,25,1
10184,15,3,9,6,1
10185,7,3,9,6,1
10187,20,2,9,12,1
10194,14,3,11,8,1
10195,11,2,12,5,1
10196,20,5,12,15,1
10197,5,6,12,30,1
10200,8,5,1,6,1
10205,10,7,4,30,1
10206,4,7,5,28,1
10207,16,2,5,30,1
10209,20,3,6,21,1
10210,17,7,6,25,1
10211,22,5,7,21,1
10212,13,1,7,24,1
10214,0,3,8,2,1
10216,10,4,9,21,1
10217,18,6,9,23,1
10218,15,4,9,7,1
10219,11,5,11,10,1
10227,7,5,3,31,1
10229,13,2,1,17,1
10230,6,2,4,4,1
10235,17,3,9,20,1
10241,10,4,1,26,1
10253,18,5,6,23,1
10260,7,5,7,7,1
10261,19,3,7,19,1
10262,8,2,7,18,1
10266,5,5,8,4,1
10267,17,3,8,16,1
10272,16,7,9,17,1
10275,14,6,9,9,1
10280,3,7,10,8,1
10285,7,1,11,6,1
10287,8,2,11,28,1
10289,21,5,12,8,1
10291,9,6,2,4,1
10298,15,4,12,7,1
10309,17,1,1,9,1
10310,18,7,1,29,1
10322,2,7,3,12,1
10323,7,6,4,8,1
10331,6,2,5,16,1
10333,8,2,5,23,1
10341,10,1,6,19,1
10348,18,3,3,29,1
10354,17,7,7,23,1
10355,9,7,7,30,1
10356,5,6,7,29,1
10358,16,2,8,8,1
10361,11,6,8,19,1
10362,17,7,8,20,1
10372,12,2,10,3,1
10377,8,2,11,21,1
10381,11,3,11,29,1
10392,17,2,5,9,1
10401,13,3,1,25,1
10415,19,7,3,26,1
10416,12,1,3,27,1
10421,4,5,3,3,1
10423,16,7,4,2,1
10424,11,4,4,6,1
10426,0,1,5,1,1
10428,10,5,5,5,1
10432,12,4,5,25,1
10435,16,3,2,22,1
10436,9,5,6,2,1
10441,10,6,7,1,1
10442,20,6,7,1,1
10445,7,4,7,20,1
10446,15,6,7,15,1
10451,12,1,9,18,1
10461,12,2,10,17,1
10465,15,3,10,11,1
10470,11,4,11,16,1
10473,10,2,11,28,1
10478,13,4,12,21,1
10480,7,4,11,9,1
10488,12,6,12,30,1
10492,6,6,2,4,1
10493,6,6,2,4,1
10494,16,6,2,4,1
10500,5,2,3,14,1
10502,14,4,3,16,1
10503,10,2,3,21,1
10506,4,6,4,1,1
10507,12,1,4,3,1
10509,18,7,4,9,1
10512,1,1,5,1,1
10514,11,4,5,4,1
10515,12,4,5,4,1
10516,21,5,5,5,1
10520,18,7,5,28,1
10521,9,3,5,31,1
10525,16,5,6,2,1
10528,13,5,6,9,1
10532,16,2,6,27,1
10534,15,3,7,5,1
10535,5,3,7,12,1
10536,9,6,7,15,1
10537,12,6,7,15,1
10539,7,6,7,22,1
10540,10,7,7,23,1
10541,15,7,7,30,1
10544,9,5,8,11,1
10545,15,1,8,14,1
10547,15,6,8,26,1
10548,6,6,9,9,1
10549,10,3,9,20,1
10551,2,4,9,21,1
10554,13,6,9,23,1
10555,16,1,9,25,1
10560,15,3,10,11,1
10562,15,4,10,26,1
10567,7,1,11,13,1
10572,19,7,12,3,1
10573,15,6,12,16,1
10574,20,7,12,24,1
10576,6,5,12,8,1
10578,8,4,1,5,1
10579,11,4,1,5,1
10580,10,7,1,8,1
10584,16,2,1,10,1
10587,19,2,1,10,1
10588,22,2,1,10,1
10589,23,3,1,11,1
10590,17,4,1,12,1
10592,15,6,1,7,1
10594,7,7,1,15,1
10595,12,7,1,15,1
10597,8,4,1,19,1
10598,4,6,1,21,1
10599,15,2,1,17,1
10601,14,3,1,25,1
10605,8,6,1,21,1
10606,10,6,1,21,1
10608,14,7,1,29,1
10612,11,3,2,1,1
10614,20,7,2,5,1
10616,12,4,2,2,1
10618,5,7,2,5,1
10620,22,3,2,8,1
10623,10,7,1,15,1
10624,12,7,1,22,1
10626,14,3,2,15,1
10629,14,5,2,17,1
10632,18,5,2,17,1
10633,8,5,2,17,1
10640,14,3,2,15,1
10644,0,7,2,5,1
10645,12,2,2,21,1
10647,14,4,2,23,1
10649,18,5,2,10,1
10651,9,2,1,10,1
10660,11,5,3,17,1
10662,6,6,3,18,1
10663,9,6,3,18,1
10666,12,1,3,20,1
10669,18,4,2,23,1
10670,14,4,3,2,1
10671,21,1,3,6,1
10672,5,5,3,10,1
10673,9,5,3,10,1
10674,8,2,3,14,1
10680,0,3,4,12,1
10682,9,4,4,13,1
10684,14,4,1,19,1
10685,18,1,1,23,1
10686,15,3,4,12,1
10687,17,3,4,12,1
10694,15,3,5,10,1
10695,4,5,5,12,1
10697,10,1,5,8,1
10698,14,1,5,8,1
10699,9,2,4,18,1
10702,8,4,5,4,1
10705,11,4,4,27,1
10706,14,2,5,23,1
10707,12,3,5,24,1
10708,17,3,5,24,1
10710,23,4,5,25,1
10712,15,5,5,26,1
10713,99,1,5,1,1
10715,11,3,5,17,1
10716,18,3,5,17,1
10718,10,4,5,25,1
10719,11,2,5,30,1
10724,17,2,6,6,1
10725,15,3,6,7,1
10726,11,4,6,8,1
10727,3,7,6,4,1
10730,5,2,6,6,1
10731,15,6,6,10,1
10732,22,5,6,16,1
10734,9,2,6,13,1
10736,11,2,5,9,1
10737,13,6,6,3,1
10746,8,7,5,21,1
10750,16,3,7,19,1
10753,17,1,6,12,1
10759,17,6,8,12,1
10760,1,6,7,1,1
10761,9,2,7,4,1
10762,11,2,7,4,1
10763,14,4,7,6,1
10764,0,5,7,7,1
10765,17,6,7,8,1
10767,19,1,7,10,1
10772,9,4,8,17,1
10773,14,1,8,7,1
10774,12,6,8,12,1
10777,15,7,6,18,1
10778,18,1,6,19,1
10779,9,2,6,20,1
10782,18,4,6,22,1
10786,5,2,8,8,1
10787,14,4,7,13,1
10788,4,1,7,24,1
10789,16,1,7,24,1
10790,1,2,7,25,1
10792,16,5,7,28,1
10793,13,6,7,29,1
10794,13,1,7,31,1
10795,21,3,8,16,1
10796,5,6,8,26,1
10798,14,3,8,2,1
10799,11,6,4,29,1
10800,0,4,6,15,1
10801,17,6,7,8,1
10803,17,2,4,25,1
10804,14,3,7,26,1
10806,23,2,8,15,1
10808,19,7,8,20,1
10812,14,6,9,2,1
10814,16,7,8,20,1
10818,15,1,8,14,1
10826,8,4,10,5,1
10829,9,1,8,14,1
10832,7,4,8,31,1
10835,15,7,9,17,1
10836,10,7,9,24,1
10838,15,4,9,21,1
10843,16,2,10,10,1
10851,14,2,10,17,1
10853,14,4,9,14,1
10854,13,5,9,15,1
10855,4,6,9,16,1
10856,16,6,9,16,1
10857,8,1,9,18,1
10859,3,2,9,19,1
10860,9,2,9,19,1
10861,15,3,9,20,1
10862,12,5,9,22,1
10863,14,6,9,23,1
10864,22,7,10,1,1
10865,10,4,10,5,1
10866,11,6,10,7,1
10867,11,7,10,8,1
10869,7,1,10,9,1
10875,20,6,11,11,1
10877,5,6,10,21,1
10878,16,7,10,29,1
10882,14,3,11,8,1
10884,20,4,8,31,1
10886,9,1,9,18,1
10906,0,2,12,5,1
10908,20,2,10,24,1
10910,1,1,10,30,1
10911,4,1,10,30,1
10912,15,3,11,1,1
10923,7,3,11,8,1
10925,3,5,11,17,1
10927,15,7,10,15,1
10929,0,4,12,21,1
10931,11,2,12,26,1
10934,10,2,8,29,1
10935,11,3,12,6,1
10937,9,7,12,10,1
10938,14,7,12,10,1
10940,16,4,12,14,1
10958,11,5,12,22,1
10960,7,1,12,25,1
10979,17,3,10,25,1
10982,6,2,2,28,1
11043,11,2,1,24,1
11045,12,2,4,4,1
11046,13,6,5,13,1
11050,16,2,6,20,1
11054,10,6,8,19,1
11056,12,2,9,12,1
11057,12,2,5,16,1
11062,13,7,10,29,1
11068,6,2,12,26,1
11070,12,7,3,12,1
11072,16,5,2,17,1
11073,8,6,5,6,1
11074,17,4,11,30,1
11075,7,2,12,12,1
11078,14,3,1,4,1
11082,1,6,3,4,1
11085,19,6,1,28,1
11087,14,3,2,8,1
11089,19,6,2,18,1
11095,0,6,3,4,1
11099,17,6,4,1,1
11102,15,4,3,9,1
11112,15,2,4,11,1
11113,13,5,4,14,1
11117,16,4,1,12,1
11128,10,5,4,7,1
11138,21,6,4,29,1
11139,3,6,5,27,1
11140,15,4,4,20,1
11158,14,5,6,23,1
11165,7,3,6,7,1
11169,10,1,6,26,1
11173,7,3,2,8,1
11174,9,5,3,3,1
11175,13,5,3,10,1
11187,15,1,7,24,1
11192,14,3,7,19,1
11217,9,4,9,7,1
11222,14,1,5,1,1
11224,5,5,9,8,1
11226,20,6,9,16,1
11227,14,5,9,8,1
11228,9,1,9,25,1
11237,7,6,10,7,1
11238,16,6,9,9,1
11239,11,1,10,9,1
11250,8,6,11,18,1
11255,15,2,11,28,1
11258,12,3,11,22,1
11259,9,4,11,23,1
11261,17,4,11,30,1
11263,16,3,11,29,1
11269,5,4,12,14,1
11270,19,5,12,15,1
11271,5,6,12,16,1
11274,14,2,12,12,1
11277,13,2,12,26,1
11288,12,1,10,9,1
11292,22,4,8,10,1
11300,11,2,1,17,1
11307,18,5,1,6,1
11308,18,6,2,4,1
11314,10,1,3,20,1
11317,12,5,3,3,1
11319,16,7,3,26,1
11320,13,5,3,24,1
11323,7,3,4,5,1
11326,8,5,4,14,1
11327,11,5,4,21,1
11328,20,7,4,23,1
11329,13,3,4,26,1
11330,8,2,4,4,1
11332,10,6,4,15,1
11333,1,2,4,18,1
11343,16,4,5,18,1
11346,8,2,5,9,1
11348,22,7,6,4,1
11351,13,7,6,11,1
11352,18,7,6,18,1
11353,10,4,6,22,1
11356,21,2,6,13,1
11358,2,1,6,5,1
11360,12,5,7,21,1
11364,12,4,7,20,1
11365,16,3,7,26,1
11368,9,6,7,29,1
11369,6,4,8,10,1
11370,19,7,8,20,1
11373,12,3,8,23,1
11381,15,4,8,31,1
11391,7,2,10,31,1
11398,13,4,11,16,1
11399,15,5,4,14,1
11403,17,7,6,25,1
11404,17,6,8,19,1
11407,13,7,8,27,1
11412,11,3,12,20,1
11413,19,2,10,10,1
11420,16,2,8,22,1
11421,11,5,6,9,1
11422,16,4,1,26,1
11423,12,1,3,13,1
11425,21,5,3,31,1
11428,19,3,4,12,1
11433,12,2,8,29,1
11436,15,6,9,23,1
11438,18,1,10,2,1
11453,15,2,3,14,1
11454,7,5,3,17,1
11455,10,3,3,8,1
11456,18,1,3,13,1
11458,17,6,3,4,1
11466,12,7,1,1,1
11467,21,3,1,11,1
11476,16,4,1,26,1
11477,20,5,2,17,1
11485,13,6,4,1,1
11487,9,3,3,22,1
11488,12,5,4,7,1
11491,13,6,4,8,1
11498,12,3,5,10,1
11500,17,6,5,6,1
11501,8,2,5,16,1
11505,15,4,5,18,1
11508,9,7,5,21,1
11510,12,2,6,13,1
11512,6,5,4,21,1
11516,10,6,5,27,1
11517,9,2,7,18,1
11519,10,6,7,8,1
11522,11,3,7,12,1
11523,20,7,7,9,1
11525,15,1,7,10,1
11528,23,2,8,1,1
11529,15,1,7,31,1
11530,20,2,7,25,1
11534,15,1,5,8,1
11537,6,5,8,4,1
11539,16,6,6,17,1
11540,6,2,6,20,1
11541,10,3,6,28,1
11543,11,5,9,8,1
11545,9,6,7,8,1
11546,15,2,8,29,1
11549,11,2,9,12,1
11551,21,6,9,2,1
11554,15,4,9,7,1
11555,14,1,8,21,1
11556,5,6,9,16,1
11559,5,4,9,21,1
11560,12,7,9,24,1
11563,17,3,8,16,1
11564,14,7,9,10,1
11565,12,6,9,23,1
11568,10,2,9,12,1
11569,11,2,10,17,1
11571,16,5,10,20,1
11576,12,7,11,5,1
11580,11,7,10,29,1
11581,23,6,11,11,1
11582,14,2,10,17,1
11584,10,5,12,1,1
11586,22,4,10,26,1
11590,7,3,10,11,1
11591,18,7,11,19,1
11592,11,3,12,6,1
11594,6,3,11,22,1
11595,7,6,11,25,1
11596,21,7,12,10,1
11598,14,7,12,10,1
11604,9,2,10,24,1
11605,13,4,12,14,1
11608,15,4,12,21,1
11614,13,2,1,10,1
11615,1,5,1,13,1
11627,17,2,3,28,1
11641,16,4,6,1,1
11649,23,3,6,7,1
11660,14,7,7,2,1
11676,14,6,8,5,1
11682,10,5,8,11,1
11688,20,1,9,18,1
11713,13,4,12,21,1
11725,6,5,3,10,1
11726,21,2,4,11,1
11733,7,5,9,8,1
11736,14,6,11,4,1
11785,17,5,1,27,1
11787,5,6,1,28,1
11788,11,4,2,2,1
11789,14,6,2,4,1
11792,6,2,2,14,1
11795,4,5,2,17,1
11796,14,6,2,18,1
11798,9,6,3,4,1
11799,15,3,3,15,1
11800,19,6,3,11,1
11802,13,6,3,18,1
11803,6,5,3,31,1
11809,16,4,4,13,1
11810,9,1,4,17,1
11813,5,4,4,20,1
11814,16,4,4,20,1
11815,12,5,4,21,1
11817,8,6,4,29,1
11818,10,3,4,26,1
11819,14,4,5,4,1
11821,20,1,5,1,1
11824,16,1,5,22,1
11825,18,7,5,21,1
11826,8,1,5,29,1
11827,18,4,6,1,1
11829,15,1,6,19,1
11830,13,5,6,16,1
11832,20,6,6,24,1
11835,17,6,7,8,1
11837,22,4,7,13,1
11838,14,6,7,15,1
11839,3,1,7,24,1
11842,10,3,8,2,1
11846,17,6,8,26,1
11847,18,1,8,28,1
11848,17,4,8,24,1
11849,15,6,8,5,1
11852,9,3,9,6,1
11853,11,2,9,5,1
11855,15,3,9,13,1
11856,10,2,9,19,1
11858,7,2,9,26,1
11859,13,3,8,30,1
11861,13,7,10,1,1
11862,7,2,10,3,1
11866,12,1,10,9,1
11868,14,1,10,16,1
11869,15,1,10,23,1
11870,8,3,10,25,1
11872,17,2,8,29,1
11873,18,4,11,2,1
11874,5,6,11,4,1
11875,17,6,11,18,1
11876,16,3,11,15,1
11879,21,7,12,3,1
11880,10,2,12,5,1
11882,16,3,12,6,1
11883,9,5,12,8,1
11884,8,6,12,16,1
11885,13,1,12,11,1
11886,7,2,12,12,1
11890,23,1,1,23,1
11907,8,4,4,27,1
11918,17,6,5,20,1
11923,12,3,6,28,1
11928,8,2,7,4,1
11933,10,6,8,19,1
11937,20,5,8,4,1
11938,16,3,8,23,1
11941,14,3,7,12,1
11950,12,7,10,1,1
11954,2,1,10,23,1
11957,7,5,11,10,1
11965,10,4,12,7,1
11969,10,6,12,2,1
11973,8,1,12,18,1
11975,10,6,12,30,1
11979,22,7,8,20,1
11983,21,2,1,3,1
11985,17,6,4,29,1
11988,14,4,5,11,1
11990,9,7,5,14,1
11992,16,2,5,30,1
11994,15,6,6,24,1
11996,16,5,7,28,1
11997,4,5,7,21,1
11998,12,5,8,4,1
12001,16,3,8,16,1
12006,18,1,9,18,1
12008,16,5,10,6,1
12009,15,6,10,28,1
12011,10,2,11,14,1
12012,12,4,12,21,1
12017,5,2,1,24,1
12019,10,3,1,25,1
12026,13,7,2,19,1
12030,10,4,6,1,1
12036,12,7,7,9,1
12041,9,3,8,2,1
12043,19,7,6,11,1
12047,23,5,8,4,1
12049,16,2,8,8,1
12052,11,7,10,1,1
12063,9,4,11,30,1
12065,2,6,11,25,1
12068,6,6,12,9,1
12072,16,4,12,28,1
12074,15,7,7,16,1
12077,6,4,2,23,1
12078,16,3,6,7,1
12079,11,5,5,12,1
12082,0,1,7,10,1
12084,8,4,4,27,1
12085,9,2,8,15,1
12086,15,3,4,19,1
12087,0,2,10,10,1
12088,19,1,7,17,1
12090,13,3,5,24,1
12091,8,5,8,4,1
12092,0,7,7,23,1
12093,16,5,6,30,1
12094,8,2,8,1,1
12096,15,3,7,26,1
12098,7,7,12,31,1
12099,17,5,4,14,1
12100,14,4,12,7,1
12102,13,7,12,24,1
12104,5,2,3,21,1
12105,11,3,5,31,1
12107,22,6,10,21,1
12109,11,4,8,10,1
12110,13,1,10,30,1
12146,15,1,4,10,1
12152,6,2,5,9,1
12231,15,2,1,3,1
12232,7,2,1,17,1
12234,11,7,2,26,1
12237,16,2,5,9,1
12239,14,4,5,11,1
12240,15,5,5,19,1
12241,15,7,6,18,1
12243,19,2,7,4,1
12244,6,5,7,7,1
12247,9,3,7,19,1
12249,15,4,7,20,1
12254,13,2,8,22,1
12256,14,7,9,3,1
12265,8,6,9,30,1
12266,8,2,10,3,1
12267,8,7,10,8,1
12270,13,6,10,21,1
12271,7,2,10,24,1
12275,7,7,11,12,1
12284,14,2,12,19,1
12287,11,6,10,21,1
12288,5,2,11,7,1
12291,23,6,1,7,1
12331,14,2,1,3,1
12332,18,2,1,3,1
12336,10,6,1,14,1
12338,10,4,1,19,1
12344,14,6,3,4,1
12345,16,2,3,7,1
12346,16,5,3,10,1
12347,13,3,3,1,1
12348,11,7,3,26,1
12350,14,2,3,28,1
12351,19,5,3,17,1
12356,21,2,4,4,1
12357,10,6,4,8,1
12358,12,2,4,11,1
12359,13,4,4,20,1
12360,10,5,4,21,1
12361,21,7,4,9,1
12362,16,6,3,18,1
12363,17,1,4,10,1
12365,11,4,3,2,1
12366,14,6,3,11,1
12369,10,2,5,16,1
12370,17,6,4,1,1
12373,23,7,5,14,1
12374,3,7,5,7,1
12375,11,7,5,21,1
12377,11,4,5,4,1
12378,12,2,5,30,1
12380,10,5,6,9,1
12385,18,7,6,25,1
12386,14,2,7,11,1
12388,12,5,7,7,1
12390,10,7,7,23,1
12391,0,1,6,19,1
12394,13,3,4,19,1
12396,5,3,7,26,1
12397,0,6,8,12,1
12399,13,6,8,26,1
12401,12,7,9,3,1
12402,17,7,9,3,1
12407,6,7,9,17,1
12409,13,7,10,8,1
12412,13,3,10,11,1
12413,5,5,9,29,1
12415,15,6,10,21,1
12419,15,2,9,26,1
12421,3,1,10,23,1
12423,13,1,10,23,1
12424,6,3,10,18,1
12427,12,7,11,12,1
12430,9,4,11,16,1
12431,20,3,10,4,1
12433,2,1,11,20,1
12437,13,2,12,5,1
12441,15,6,12,16,1
12446,9,7,10,8,1
12452,13,7,2,26,1
12455,6,7,6,4,1
12462,17,7,7,23,1
12489,15,5,3,17,1
12492,99,6,4,22,1
12520,7,7,7,30,1
12521,19,4,9,28,1
12574,9,7,5,28,1
12578,15,3,6,21,1
12707,12,2,1,3,1
12708,14,5,1,13,1
12711,10,4,2,16,1
12712,18,6,2,18,1
12715,5,5,3,24,1
12716,12,5,3,31,1
12719,12,4,4,6,1
12722,10,2,4,18,1
12723,9,1,5,8,1
12724,15,6,5,13,1
12725,0,5,5,19,1
12727,2,6,5,27,1
12729,13,2,6,20,1
12731,11,2,6,13,1
12732,14,5,6,30,1
12733,19,7,7,16,1
12736,13,2,7,11,1
12738,16,4,8,3,1
12741,6,2,8,8,1
12742,19,2,8,22,1
12744,20,7,4,30,1
12749,9,6,10,7,1
12750,18,4,10,12,1
12752,7,6,12,2,1
12754,14,7,10,29,1
12765,17,3,11,15,1
12766,6,6,12,30,1
12767,11,7,5,21,1
12773,17,4,11,16,1
12776,6,5,5,19,1
12779,19,2,2,14,1
12783,20,6,2,4,1
12785,13,1,1,16,1
12786,13,6,1,28,1
12787,20,5,1,27,1
12789,15,3,2,1,1
12790,12,1,3,13,1
12793,5,7,4,2,1
12795,15,7,4,9,1
12796,16,7,4,2,1
12797,20,4,3,23,1
12798,9,4,4,20,1
12799,9,3,4,19,1
12806,16,7,5,7,1
12808,17,4,5,25,1
12809,13,2,5,30,1
12810,21,6,5,27,1
12811,12,4,6,8,1
12812,15,6,4,15,1
12814,14,7,5,21,1
12816,4,3,6,14,1
12817,18,7,6,18,1
12823,11,4,6,22,1
12824,12,6,6,24,1
12825,11,2,6,27,1
12828,5,6,7,1,1
12829,17,6,7,1,1
12831,18,1,7,10,1
12832,6,3,7,12,1
12833,12,4,7,13,1
12834,14,6,7,15,1
12835,13,6,7,22,1
12836,16,2,7,25,1
12837,17,1,7,24,1
12841,9,3,7,26,1
12843,6,5,7,7,1
12846,13,7,7,30,1
12848,13,7,8,6,1
12849,9,2,8,8,1
12850,9,6,8,12,1
12853,19,7,8,27,1
12854,9,2,8,29,1
12855,5,7,8,6,1
12857,14,4,8,31,1
12864,11,4,9,14,1
12865,13,5,8,4,1
12866,23,5,9,1,1
12869,6,6,9,16,1
12871,8,5,9,29,1
12873,13,3,10,4,1
12875,16,6,10,7,1
12876,15,7,10,8,1
12877,14,1,10,16,1
12878,12,1,10,23,1
12879,10,1,10,23,1
12883,7,7,10,29,1
12888,20,1,10,30,1
12890,5,4,7,27,1
12892,11,1,11,6,1
12893,7,2,11,7,1
12894,10,3,11,8,1
12896,15,3,11,8,1
12898,16,1,11,6,1
12901,14,3,11,22,1
12903,14,1,11,20,1
12908,16,7,7,30,1
12909,14,5,10,13,1
12911,7,6,12,2,1
12912,7,5,12,1,1
12913,18,1,12,4,1
12914,6,2,12,5,1
12916,19,7,12,10,1
12921,13,7,12,3,1
12929,13,2,12,26,1
12937,16,3,11,15,1
12938,12,3,1,4,1
12944,18,7,1,22,1
12946,4,3,2,15,1
12952,3,3,3,22,1
12956,17,4,3,23,1
12957,11,6,3,4,1
12958,16,1,3,20,1
12964,14,5,3,17,1
12968,5,2,4,11,1
12969,17,6,4,29,1
12970,11,5,4,14,1
12973,18,7,4,2,1
12975,5,1,4,3,1
12976,11,3,4,19,1
12977,15,5,4,21,1
12984,22,4,5,25,1
12985,13,6,5,27,1
12986,6,4,5,4,1
12988,16,7,5,21,1
12989,14,4,5,11,1
12993,4,5,6,23,1
12995,13,1,6,12,1
12997,14,4,6,15,1
12998,0,4,6,8,1
13002,11,1,6,26,1
13008,16,6,7,29,1
13009,20,2,7,18,1
13010,10,4,7,6,1
13011,22,5,7,7,1
13013,8,5,7,28,1
13014,7,3,7,12,1
13015,12,7,7,2,1
13016,11,6,7,22,1
13017,11,4,7,27,1
13019,18,5,7,28,1
13021,11,5,7,7,1
13026,11,3,8,16,1
13035,13,5,9,29,1
13075,7,6,4,15,1
13087,17,6,9,2,1
13096,10,3,2,22,1
13107,16,4,3,23,1
13108,10,3,2,15,1
13117,16,4,3,23,1
13119,11,3,3,29,1
13124,11,4,5,11,1
13127,7,6,5,13,1
13137,11,3,6,7,1
13183,12,2,7,25,1
13186,12,7,8,27,1
13187,21,5,8,25,1
13188,6,2,9,5,1
13189,15,6,9,2,1
13191,9,2,9,26,1
13201,10,1,10,9,1
13210,21,7,10,29,1
13212,12,6,11,4,1
13213,16,7,11,5,1
13218,18,2,11,7,1
13222,17,1,11,6,1
13224,18,2,11,14,1
13239,20,5,12,22,1
13240,20,1,12,25,1
13241,22,2,10,10,1
13243,22,2,11,28,1
13252,8,5,1,20,1
13253,8,5,1,20,1
13268,22,2,5,2,1
13270,12,3,5,10,1
13271,18,6,4,29,1
13274,20,7,5,14,1
13278,11,5,5,26,1
13291,21,2,7,4,1
13304,7,4,7,20,1
13310,13,2,8,29,1
13320,21,2,10,3,1
13325,8,1,7,10,1
13328,8,3,11,1,1
13338,11,1,1,2,1
13339,17,2,1,10,1
13341,20,5,1,20,1
13343,16,5,1,27,1
13345,9,4,2,9,1
13348,7,7,2,19,1
13351,12,5,3,24,1
13353,9,4,4,13,1
13355,9,6,4,22,1
13358,12,2,5,9,1
13359,14,4,5,11,1
13361,13,7,5,14,1
13363,14,3,5,17,1
13365,15,5,5,19,1
13371,15,2,6,20,1
13373,8,2,6,6,1
13375,21,1,7,10,1
13377,15,2,7,11,1
13381,8,3,8,23,1
13382,14,6,5,20,1
13390,0,1,10,2,1
13392,99,6,10,21,1
13394,13,1,10,30,1
13400,1,7,11,19,1
13401,13,1,11,20,1
13403,13,4,11,23,1
13404,15,3,12,13,1
13406,11,5,12,15,1
13414,14,4,1,12,1
13425,8,3,2,8,1
13430,17,6,3,11,1
13434,21,6,3,4,1
13441,16,4,4,6,1
13447,13,1,4,10,1
13453,8,5,4,21,1
13460,10,7,5,21,1
13471,10,7,5,7,1
13473,14,3,5,17,1
13502,6,7,7,2,1
13504,5,6,8,26,1
13512,13,2,7,11,1
13517,6,3,9,6,1
13531,1,3,9,27,1
13542,12,1,10,23,1
13545,7,2,10,3,1
13562,9,3,11,29,1
13565,9,6,12,30,1
13569,18,7,12,17,1
13582,5,6,1,14,1
13584,8,5,6,2,1
13586,17,7,8,13,1
13589,18,7,1,1,1
13590,4,7,1,1,1
13591,16,7,1,15,1
13592,0,7,1,1,1
13595,13,4,3,9,1
13596,12,2,3,14,1
13597,12,7,3,19,1
13598,12,1,3,20,1
13599,10,3,3,22,1
13601,15,6,4,8,1
13603,11,5,4,21,1
13604,22,3,5,3,1
13605,13,4,5,4,1
13608,15,3,6,7,1
13609,17,5,6,9,1
13610,8,6,6,10,1
13612,17,7,4,2,1
13614,15,4,7,13,1
13616,10,6,7,29,1
13617,19,3,8,2,1
13618,12,5,8,4,1
13619,13,6,8,5,1
13620,15,7,8,6,1
13621,14,5,8,11,1
13622,13,6,8,19,1
13623,20,2,8,22,1
13625,23,1,8,28,1
13626,9,4,8,31,1
13629,18,3,9,6,1
13631,18,3,9,20,1
13633,14,6,9,23,1
13636,16,6,9,30,1
13639,20,5,10,13,1
13640,19,4,10,26,1
13644,16,2,11,21,1
13646,22,1,11,13,1
13647,11,2,11,28,1
13652,8,1,10,2,1
13654,8,7,12,3,1
13655,21,4,12,7,1
13656,17,3,12,13,1
13657,11,5,12,15,1
13659,21,7,12,17,1
13660,8,7,12,17,1
13674,16,5,7,7,1
13675,11,4,8,3,1
13676,12,7,8,6,1
13680,17,6,8,5,1
13691,10,7,1,22,1
13695,15,3,1,18,1
13696,12,2,1,17,1
13705,7,6,2,25,1
13708,12,1,3,20,1
13733,0,3,5,31,1
13741,8,6,6,24,1
13749,16,1,7,24,1
13753,12,4,8,3,1
13758,8,2,8,22,1
13760,14,3,9,13,1
13773,13,7,9,24,1
13782,14,4,11,23,1
13785,21,3,12,6,1
13794,2,7,1,1,1
13795,8,2,1,3,1
13809,22,5,1,20,1
13813,9,2,2,14,1
13814,7,4,2,16,1
13821,17,2,2,28,1
13822,19,1,3,6,1
13828,14,4,3,16,1
13835,16,6,4,8,1
13837,12,6,3,4,1
13838,14,6,3,18,1
13843,2,7,4,2,1
13847,13,7,4,16,1
13848,14,3,4,19,1
13849,23,7,4,23,1
13852,6,2,4,11,1
13854,8,5,4,14,1
13856,6,2,4,18,1
13857,6,6,4,29,1
13860,14,5,5,5,1
13865,10,3,5,17,1
13868,7,4,5,25,1
13870,13,2,5,16,1
13872,16,2,5,16,1
13875,7,1,6,5,1
13881,18,6,6,17,1
13884,11,3,6,21,1
13886,6,5,6,9,1
13887,21,5,6,23,1
13890,19,6,7,8,1
13893,8,6,7,15,1
13895,14,6,6,24,1
13896,17,3,7,19,1
13897,20,2,7,25,1
13899,8,7,7,30,1
13902,13,2,8,8,1
13905,12,7,8,20,1
13907,11,1,7,31,1
13910,11,7,8,6,1
13912,17,7,5,21,1
13915,17,1,9,4,1
13918,16,3,9,13,1
13920,14,7,5,7,1
13921,8,7,9,3,1
13924,1,2,8,15,1
13937,7,1,10,23,1
13940,2,1,10,23,1
13942,18,6,10,28,1
13943,18,5,10,20,1
13946,0,5,11,10,1
13949,13,2,10,3,1
13953,6,4,8,24,1
13954,17,5,10,20,1
13957,22,7,8,27,1
13959,17,7,11,19,1
13963,13,2,12,19,1
13964,6,4,6,22,1
13965,15,7,11,26,1
13966,6,5,12,1,1
13968,7,5,12,8,1
13973,13,7,12,31,1
13977,4,6,12,2,1
13980,19,1,11,6,1
13981,10,6,8,12,1
13987,21,6,7,29,1
13995,13,4,7,20,1
13999,2,1,9,11,1
14006,5,4,12,28,1
14014,7,7,1,8,1
14017,9,4,1,19,1
14020,10,6,2,4,1
14021,21,1,2,13,1
14023,21,2,2,21,1
14026,1,7,2,19,1
14027,17,4,3,2,1
14028,1,5,3,10,1
14031,13,6,3,18,1
14033,23,3,3,29,1
14036,10,5,4,28,1
14037,13,7,4,30,1
14040,10,2,5,9,1
14042,0,4,5,18,1
14043,17,3,5,24,1
14044,10,3,5,17,1
14045,14,4,5,25,1
14048,6,3,6,21,1
14049,17,4,6,22,1
14051,19,3,6,21,1
14052,7,5,6,30,1
14053,20,1,7,3,1
14054,12,7,7,2,1
14055,12,1,7,10,1
14057,9,6,7,15,1
14058,14,6,7,15,1
14060,7,7,7,23,1
14065,21,4,7,27,1
14066,12,5,7,28,1
14068,10,2,6,27,1
14070,13,4,8,17,1
14072,11,6,8,19,1
14073,14,2,8,22,1
14075,8,2,8,1,1
14077,9,1,9,18,1
14078,2,6,9,9,1
14083,7,4,10,12,1
14087,13,7,10,22,1
14093,14,2,11,7,1
14094,1,5,11,10,1
14095,10,3,11,15,1
14096,9,1,11,13,1
14099,22,3,12,6,1
14100,14,7,12,10,1
14101,18,5,10,6,1
14102,14,6,12,16,1
14103,17,4,12,21,1
14105,19,6,12,23,1
14110,20,3,1,11,1
14113,11,1,1,23,1
14114,14,4,2,9,1
14115,18,4,2,9,1
14119,13,4,2,23,1
14120,0,5,2,24,1
14121,12,6,1,28,1
14127,12,5,4,21,1
14128,11,3,4,19,1
14131,4,2,5,16,1
14135,18,3,4,5,1
14138,14,2,6,20,1
14139,17,5,6,23,1
14142,18,7,6,18,1
14143,14,2,6,27,1
14146,8,1,7,24,1
14147,16,2,8,1,1
14148,10,7,8,6,1
14149,17,1,8,7,1
14150,1,6,8,19,1
14152,14,2,8,15,1
14153,18,3,8,16,1
14160,8,1,9,18,1
14162,19,3,9,27,1
14163,14,3,9,27,1
14165,11,7,10,8,1
14166,20,1,10,9,1
14167,13,2,10,10,1
14168,3,4,11,9,1
14175,6,5,12,8,1
14186,16,3,1,11,1
14192,14,1,2,27,1
14202,5,4,5,11,1
14208,4,4,6,15,1
14213,21,4,6,22,1
14220,9,2,7,25,1
14226,12,5,9,8,1
14229,11,5,10,13,1
14237,14,3,1,4,1
14238,14,6,1,7,1
14239,11,4,1,12,1
14243,6,7,1,15,1
14246,9,7,1,29,1
14248,10,5,2,17,1
14256,21,3,3,22,1
14257,16,7,4,9,1
14260,9,2,4,11,1
14261,6,3,4,12,1
14263,15,3,4,12,1
14267,15,5,5,12,1
14278,11,2,6,6,1
14279,12,1,6,5,1
14282,18,3,6,21,1
14286,16,2,6,13,1
14288,17,5,6,2,1
14297,4,6,7,22,1
14304,15,4,8,3,1
14306,14,4,8,3,1
14311,5,2,8,22,1
14312,16,6,8,26,1
14313,9,4,8,31,1
14314,17,6,9,2,1
14315,11,3,9,6,1
14322,20,2,10,3,1
14329,13,5,10,27,1
14330,8,2,10,17,1
14332,8,3,10,4,1
14338,13,4,10,26,1
14339,18,6,10,28,1
14344,12,3,11,29,1
14353,11,3,12,13,1
14354,4,2,12,19,1
14357,2,2,12,19,1
14358,3,6,12,16,1
14361,11,5,12,29,1
14362,13,5,12,29,1
14375,4,3,11,8,1
14381,22,4,4,13,1
14386,11,6,4,29,1
14389,13,1,5,8,1
14391,20,3,5,17,1
14395,10,7,5,21,1
14398,99,4,6,8,1
14405,13,1,7,3,1
14406,6,4,7,6,1
14408,8,2,7,11,1
14412,4,2,8,1,1
14419,22,4,8,31,1
14428,18,3,4,19,1
14459,12,1,1,9,1
14462,12,7,2,5,1
14467,23,3,2,22,1
14468,9,1,2,27,1
14484,4,1,4,3,1
14492,12,1,5,1,1
14493,13,6,5,6,1
14494,10,6,5,13,1
14498,11,2,5,30,1
14500,10,2,4,4,1
14509,22,7,6,11,1
14512,9,3,5,3,1
14516,4,4,7,13,1
14524,7,7,8,6,1
14526,11,3,8,9,1
14528,2,4,8,31,1
14532,17,7,9,10,1
14536,9,3,9,20,1
14547,14,3,10,4,1
14553,22,6,10,28,1
14554,12,2,10,31,1
14557,14,1,8,28,1
14559,15,4,10,12,1
14574,99,3,11,22,1
14583,9,6,1,28,1
14586,11,3,2,8,1
14588,9,4,2,9,1
14590,5,5,2,17,1
14591,3,4,2,23,1
14594,16,4,3,9,1
14597,17,7,3,19,1
14601,13,6,4,8,1
14606,13,6,4,22,1
14610,10,4,5,11,1
14611,0,7,5,14,1
14618,5,7,6,18,1
14622,14,6,7,8,1
14623,13,6,7,15,1
14624,18,5,7,28,1
14626,19,5,8,4,1
14631,6,2,8,15,1
14632,10,2,8,15,1
14633,7,3,8,16,1
14637,14,7,9,10,1
14640,9,5,9,15,1
14641,14,6,9,16,1
14648,13,6,10,14,1
14650,12,5,10,20,1
14652,9,7,10,22,1
14655,10,6,11,18,1
14660,14,4,12,7,1
14661,6,6,12,9,1
14662,10,2,1,3,1
14664,18,4,1,5,1
14665,12,4,1,5,1
14667,15,3,1,4,1
14668,1,4,1,5,1
14672,18,5,1,13,1
14675,7,3,1,18,1
14679,6,6,1,21,1
14680,23,2,1,17,1
14681,4,7,1,15,1
14682,11,1,1,16,1
14684,17,3,1,25,1
14685,8,5,1,27,1
14687,13,6,1,28,1
14689,15,2,1,31,1
14692,16,3,2,1,1
14693,13,1,1,30,1
14695,15,7,2,5,1
14696,10,3,2,8,1
14701,22,3,2,1,1
14703,12,7,2,5,1
14704,2,5,2,10,1
14705,11,1,2,13,1
14706,13,3,1,18,1
14707,16,3,2,15,1
14711,15,2,2,7,1
14712,15,6,2,11,1
14713,19,3,2,15,1
14717,17,6,2,25,1
14718,11,2,2,21,1
14721,5,2,3,21,1
14724,5,3,3,15,1
14727,15,1,3,20,1
14735,12,5,3,3,1
14736,11,4,3,16,1
14738,11,2,3,28,1
14741,11,7,4,2,1
14742,8,6,4,1,1
14743,16,2,4,11,1
14747,17,6,4,15,1
14750,9,7,4,9,1
14753,5,7,4,23,1
14758,10,6,4,1,1
14759,15,2,4,25,1
14762,15,7,4,16,1
14763,10,3,4,19,1
14765,15,1,4,3,1
14766,1,3,4,5,1
14768,20,2,3,7,1
14771,9,6,2,18,1
14773,20,4,5,4,1
14774,3,5,5,26,1
14775,11,5,5,26,1
14782,6,1,3,27,1
14786,11,4,6,1,1
14787,17,7,5,28,1
14788,0,1,5,29,1
14795,16,1,5,22,1
14797,16,6,6,10,1
14799,17,7,6,11,1
14801,23,6,6,17,1
14807,10,5,6,16,1
14810,22,7,3,19,1
14813,16,2,6,20,1
14814,21,3,6,28,1
14824,22,6,7,22,1
14831,14,6,6,17,1
14832,8,5,7,21,1
14833,23,5,7,21,1
14834,15,6,7,22,1
14835,15,4,7,6,1
14836,15,7,7,9,1
14845,6,5,6,30,1
14848,6,6,7,1,1
14849,5,3,7,5,1
14850,9,3,7,5,1
14852,14,5,7,14,1
14856,3,5,8,11,1
14859,0,1,8,21,1
14860,11,6,6,17,1
14862,16,2,6,20,1
14864,15,4,6,22,1
14865,15,5,6,23,1
14867,18,5,6,23,1
14868,9,6,6,24,1
14869,15,7,6,25,1
14870,7,2,6,27,1
14873,6,2,8,8,1
14874,10,5,7,14,1
14875,12,7,7,16,1
14877,15,7,7,16,1
14879,15,2,7,25,1
14880,23,3,7,26,1
14882,7,1,7,31,1
14886,19,3,8,23,1
14887,11,4,8,24,1
14889,14,2,7,18,1
14890,3,1,7,10,1
14891,15,4,7,13,1
14895,12,7,8,6,1
14899,8,7,8,13,1
14900,11,4,8,31,1
14904,5,7,6,11,1
14909,16,5,8,11,1
14915,6,2,9,12,1
14917,16,6,9,23,1
14922,16,1,9,25,1
14928,20,4,7,6,1
14936,8,6,9,9,1
14940,7,2,10,10,1
14941,12,6,10,21,1
14942,18,6,10,21,1
14946,9,5,9,8,1
14948,12,3,9,13,1
14950,5,5,9,15,1
14951,13,6,9,16,1
14953,14,1,9,18,1
14954,10,2,9,19,1
14955,20,4,9,21,1
14956,14,6,9,23,1
14957,21,2,10,3,1
14958,18,3,10,4,1
14959,9,4,10,5,1
14960,16,6,10,7,1
14964,11,6,9,2,1
14966,7,3,8,23,1
14969,3,6,10,21,1
14975,12,4,9,28,1
14981,2,3,10,4,1
14983,12,4,11,2,1
14988,16,1,10,23,1
14999,14,2,10,10,1
15004,17,5,11,24,1
15012,20,3,10,25,1
15014,16,5,10,27,1
15015,17,7,10,29,1
15016,6,2,10,31,1
15017,23,3,11,1,1
15018,13,6,11,4,1
15031,99,4,11,16,1
15033,13,7,11,19,1
15034,19,7,7,2,1
15041,11,3,12,13,1
15042,11,4,12,14,1
15045,6,5,12,22,1
15046,11,3,11,22,1
15047,11,4,11,23,1
15048,16,4,11,23,1
15049,17,6,11,25,1
15060,17,1,12,18,1
15095,7,6,12,16,1
15146,16,4,3,2,1
15147,7,3,3,15,1
15150,7,6,5,20,1
15151,22,7,6,18,1
15153,19,5,6,30,1
15156,9,2,10,17,1
15158,11,6,5,20,1
15160,14,6,5,20,1
15169,17,5,12,29,1
15170,14,2,5,16,1
15180,1,1,1,9,1
15181,20,2,1,17,1
15193,11,4,1,26,1
15207,9,3,3,1,1
15212,15,2,1,17,1
15213,8,4,3,9,1
15220,12,4,3,16,1
15221,20,4,3,16,1
15222,19,6,4,1,1
15226,14,5,4,14,1
15238,18,6,3,18,1
15251,18,5,3,17,1
15253,14,4,2,9,1
15254,15,4,3,9,1
15257,15,6,4,29,1
15259,18,4,5,18,1
15273,11,2,6,27,1
15279,19,2,6,6,1
15280,12,3,6,7,1
15286,15,4,3,30,1
15295,19,5,6,16,1
15296,12,1,6,19,1
15307,16,4,7,13,1
15310,15,3,7,26,1
15313,23,4,6,15,1
15314,13,3,7,26,1
15317,8,4,8,10,1
15319,7,7,4,9,1
15326,12,5,8,18,1
15330,13,6,8,19,1
15333,12,4,8,24,1
15334,10,5,8,11,1
15336,15,3,8,30,1
15338,8,5,8,25,1
15341,15,6,9,2,1
15343,16,3,9,13,1
15348,16,4,9,21,1
15354,3,3,10,18,1
15360,15,2,10,24,1
15367,14,5,11,10,1
15370,18,7,11,19,1
15371,14,7,10,29,1
15378,15,5,11,17,1
15382,10,5,11,24,1
15384,13,7,11,26,1
15391,5,4,12,14,1
15402,12,2,12,19,1
15412,0,1,12,4,1
15416,11,1,1,2,1
15426,10,4,2,2,1
15428,1,1,2,6,1
15430,14,2,2,14,1
15434,13,3,2,15,1
15448,6,7,5,7,1
15449,15,1,5,8,1
15451,10,7,5,7,1
15454,19,2,5,23,1
15456,10,3,6,7,1
15458,22,6,6,10,1
15459,10,3,6,21,1
15460,1,7,4,30,1
15461,8,5,6,16,1
15463,14,7,7,2,1
15467,18,2,7,25,1
15469,11,7,7,30,1
15471,14,5,8,4,1
15473,12,1,8,28,1
15476,17,3,8,9,1
15479,16,2,8,15,1
15481,6,5,9,1,1
15483,2,4,9,7,1
15484,15,7,9,10,1
15485,23,3,9,13,1
15486,19,6,9,23,1
15491,17,6,9,23,1
15497,1,1,10,2,1
15499,4,4,10,19,1
15500,14,3,10,18,1
15503,8,5,11,3,1
15507,16,6,6,10,1
15516,15,5,11,24,1
15517,16,5,11,24,1
15523,18,3,12,6,1
15530,11,5,9,1,1
15531,10,7,1,1,1
15536,11,1,4,24,1
15542,4,2,7,18,1
15545,13,1,2,6,1
15547,10,2,8,8,1
15556,10,2,12,19,1
15567,12,4,1,5,1
15569,1,4,1,19,1
15573,18,3,2,8,1
15576,6,1,2,27,1
15578,11,3,3,8,1
15581,11,3,3,1,1
15584,16,2,3,21,1
15586,16,4,4,13,1
15588,6,5,2,24,1
15589,14,6,4,29,1
15591,14,6,5,13,1
15594,14,2,3,7,1
15595,13,1,5,22,1
15596,14,2,5,23,1
15598,15,7,4,16,1
15599,16,5,4,28,1
15600,10,1,4,3,1
15601,10,7,5,14,1
15602,13,3,6,7,1
15603,18,2,6,13,1
15605,12,5,6,16,1
15606,16,6,6,17,1
15607,7,6,6,17,1
15608,10,6,6,17,1
15609,6,2,5,30,1
15611,13,4,6,15,1
15613,19,6,5,20,1
15618,6,6,7,1,1
15620,6,6,6,24,1
15622,8,6,6,17,1
15623,22,7,7,2,1
15624,15,3,7,19,1
15626,14,6,7,8,1
15627,16,3,7,26,1
15632,8,1,8,21,1
15633,4,5,8,18,1
15637,20,4,9,7,1
15638,12,5,7,21,1
15642,16,6,9,2,1
15643,12,6,5,20,1
15644,6,7,9,10,1
15645,11,2,7,25,1
15649,23,4,8,31,1
15652,7,3,9,6,1
15654,12,1,9,4,1
15655,8,2,9,5,1
15659,1,5,8,25,1
15663,11,6,9,30,1
15664,6,3,10,11,1
15668,15,7,10,1,1
15671,6,6,10,14,1
15678,16,4,10,5,1
15681,5,2,10,31,1
15685,11,4,12,7,1
15686,11,7,11,12,1
15687,21,6,12,9,1
15693,17,7,12,24,1
15697,15,5,12,22,1
15699,14,1,12,18,1
15700,7,3,12,27,1
15701,14,5,11,10,1
15746,11,2,5,30,1
15781,8,6,8,19,1
15783,6,3,8,23,1
15789,14,5,9,8,1
15895,17,5,1,6,1
15896,11,6,1,14,1
15897,9,1,1,16,1
15904,8,4,1,26,1
15905,12,4,2,9,1
15908,9,7,2,12,1
15909,16,4,2,23,1
15912,13,7,3,5,1
15916,10,4,3,9,1
15917,6,4,3,23,1
15918,12,1,4,3,1
15919,13,3,4,5,1
15921,12,4,4,20,1
15922,10,3,4,5,1
15924,17,6,3,18,1
15926,16,3,5,3,1
15927,13,6,5,6,1
15928,17,5,5,12,1
15930,8,1,5,22,1
15932,18,4,5,25,1
15935,8,5,6,2,1
15936,19,6,6,10,1
15937,13,6,6,10,1
15940,19,7,6,25,1
15942,16,3,6,28,1
15943,5,6,7,1,1
15944,7,4,7,13,1
15946,8,2,7,25,1
15947,10,5,7,28,1
15948,13,5,7,21,1
15950,18,3,8,2,1
15952,5,2,8,8,1
15953,16,2,8,8,1
15954,16,7,8,13,1
15955,12,1,8,14,1
15956,19,2,8,15,1
15957,9,5,8,4,1
15958,3,5,8,4,1
15959,13,5,8,4,1
15960,21,3,8,16,1
15961,18,5,8,25,1
15963,19,6,8,26,1
15964,13,1,7,3,1
15967,12,7,9,3,1
15969,4,3,9,6,1
15970,7,3,9,6,1
15971,12,6,9,9,1
15973,5,1,9,18,1
15975,17,4,9,28,1
15980,12,4,10,5,1
15981,19,1,10,9,1
15983,15,2,10,17,1
15985,15,5,7,21,1
15986,4,2,11,7,1
15987,9,2,11,7,1
15988,18,2,11,7,1
15989,11,4,11,9,1
15991,14,2,11,14,1
15995,4,4,11,30,1
15999,19,2,10,24,1
16000,6,1,12,11,1
16001,11,2,12,26,1
16004,18,4,10,26,1
16006,21,5,1,27,1
16032,9,6,4,22,1
16037,12,2,5,16,1
16038,18,7,5,21,1
16040,8,3,5,24,1
16041,4,5,6,2,1
16057,7,2,8,15,1
16058,1,2,8,22,1
16064,7,3,9,6,1
16067,12,6,9,30,1
16071,19,6,10,14,1
16086,17,6,11,25,1
16089,18,3,12,13,1
16100,13,4,2,23,1
16104,16,7,4,30,1
16106,5,7,5,21,1
16108,13,2,5,23,1
16113,13,3,10,4,1
16114,5,3,10,11,1
16115,17,5,10,20,1
16116,11,3,11,22,1
16118,10,4,12,21,1
16119,10,6,12,23,1
16121,13,5,12,29,1
16123,20,6,12,16,1
16124,21,6,1,7,1
16132,23,3,2,15,1
16137,21,5,5,19,1
16139,18,5,3,31,1
16146,1,7,5,21,1
16153,11,6,8,5,1
16156,8,7,9,17,1
16157,7,2,11,14,1
16160,9,3,10,18,1
16169,15,1,11,13,1
16170,13,3,11,29,1
16171,8,3,11,29,1
16175,6,5,11,17,1
16186,8,3,1,25,1
16187,15,7,1,22,1
16188,14,2,5,9,1
16189,6,2,1,31,1
16190,20,6,5,20,1
16191,7,1,6,5,1
16193,18,3,4,12,1
16194,13,3,1,25,1
16196,11,6,4,22,1
16197,16,7,3,12,1
16198,15,2,6,27,1
16199,10,6,9,30,1
16201,20,2,10,17,1
16202,15,2,6,20,1
16206,21,2,6,20,1
16208,12,6,7,22,1
16215,15,1,1,2,1
16216,5,3,11,15,1
16217,6,2,12,26,1
16218,9,5,2,3,1
16219,2,7,7,23,1
16222,21,4,8,10,1
16223,6,5,10,13,1
16224,4,1,10,16,1
16226,20,6,3,11,1
16227,10,1,5,1,1
16331,19,2,9,12,1
16335,20,7,10,8,1
16336,11,6,10,7,1
16382,4,4,5,25,1
16384,12,1,6,12,1
16387,7,3,7,19,1
16392,14,3,8,2,1
16395,6,4,8,10,1
16397,17,2,8,15,1
16399,15,7,9,10,1
16401,12,6,9,30,1
16404,4,6,10,7,1
16409,17,4,11,9,1
16412,10,5,10,6,1
16413,6,3,12,13,1
16421,15,4,3,16,1
16464,10,3,1,25,1
16465,5,3,2,1,1
16476,16,4,3,16,1
16477,5,6,3,18,1
16480,21,1,3,13,1
16482,14,3,4,12,1
16487,12,1,4,17,1
16488,5,7,5,14,1
16489,14,3,5,3,1
16490,17,1,5,29,1
16492,14,3,5,3,1
16494,10,4,6,1,1
16496,17,1,6,12,1
16497,8,7,6,11,1
16499,14,2,6,27,1
16500,21,1,4,17,1
16501,11,4,6,22,1
16502,4,7,7,2,1
16506,11,5,7,21,1
16507,9,3,7,12,1
16509,4,6,7,29,1
16511,17,4,8,3,1
16513,11,6,8,12,1
16514,14,6,8,5,1
16515,15,1,7,31,1
16518,13,7,8,27,1
16519,17,7,8,20,1
16520,17,4,8,24,1
16521,8,3,8,30,1
16522,14,4,8,24,1
16524,16,3,8,30,1
16526,12,5,9,8,1
16528,12,5,9,1,1
16529,11,6,9,9,1
16530,14,2,9,12,1
16531,7,6,9,30,1
16533,10,7,8,20,1
16534,5,6,9,9,1
16535,12,6,8,26,1
16538,15,5,9,22,1
16541,9,2,10,3,1
16542,18,7,10,1,1
16543,9,5,9,29,1
16544,12,7,10,15,1
16545,11,2,10,17,1
16549,22,7,10,8,1
16551,16,5,10,27,1
16554,11,6,10,28,1
16557,11,4,11,16,1
16558,6,2,11,21,1
16559,12,5,11,17,1
16562,8,2,11,28,1
16563,9,6,11,4,1
16565,6,3,11,15,1
16571,15,3,8,23,1
16572,6,2,12,12,1
16573,13,3,12,27,1
16574,17,5,12,29,1
16575,2,2,12,12,1
16579,22,4,12,7,1
16580,0,7,12,31,1
16582,14,5,12,22,1
16592,7,6,7,1,1
16593,6,7,7,2,1
16602,1,1,8,21,1
16609,99,6,10,14,1
16616,21,3,11,22,1
16626,10,6,1,28,1
16629,17,5,2,24,1
16632,2,4,3,23,1
16641,15,7,6,25,1
16652,18,7,8,13,1
16670,6,1,2,13,1
16695,18,2,1,3,1
16704,10,3,6,7,1
16707,10,4,6,15,1
16822,15,7,2,12,1
16825,19,5,1,27,1
16826,16,3,2,8,1
16830,14,6,4,1,1
16831,15,1,4,3,1
16834,13,1,3,13,1
16836,12,2,4,11,1
16844,16,1,6,12,1
16847,6,7,6,18,1
16848,9,1,6,19,1
16850,2,7,5,21,1
16853,19,3,7,26,1
16854,15,1,8,14,1
16855,16,5,7,28,1
16858,18,1,1,9,1
16861,13,3,5,10,1
16862,12,1,9,18,1
16863,2,1,8,28,1
16869,13,4,11,9,1
16870,20,3,11,29,1
16872,8,5,10,27,1
16873,16,2,12,5,1
16874,13,5,8,4,1
16877,14,1,7,17,1
16878,20,2,11,28,1
16879,19,1,10,30,1
16880,18,7,5,28,1
16882,13,6,12,9,1
16887,0,6,7,1,1
16891,6,3,12,6,1
16895,16,1,8,7,1
16900,12,2,1,10,1
16902,12,5,1,6,1
16903,16,3,1,11,1
16905,12,6,1,21,1
16906,10,7,1,8,1
16907,11,5,1,13,1
16908,17,7,2,5,1
16912,10,6,3,4,1
16914,13,5,1,13,1
16915,14,4,3,16,1
16916,15,3,3,8,1
16918,15,3,3,29,1
16920,8,1,3,27,1
16921,19,6,4,1,1
16924,17,1,2,13,1
16929,5,3,3,29,1
16931,14,1,4,17,1
16933,11,1,5,8,1
16934,21,2,5,9,1
16937,6,3,5,17,1
16939,17,6,5,20,1
16943,11,1,5,29,1
16948,12,2,4,25,1
16949,9,1,6,12,1
16952,18,4,6,22,1
16957,15,5,6,30,1
16960,16,7,7,2,1
16961,13,7,7,2,1
16963,20,7,7,9,1
16964,17,2,7,11,1
16965,11,2,7,11,1
16966,6,6,7,15,1
16967,11,2,6,20,1
16969,6,6,7,22,1
16971,17,5,7,21,1
16972,9,6,7,1,1
16975,6,7,7,30,1
16980,10,3,4,19,1
16982,13,4,8,10,1
16983,14,3,8,16,1
16984,3,4,8,17,1
16986,7,6,8,12,1
16987,20,4,9,14,1
16992,16,4,9,28,1
16996,13,3,10,4,1
16997,23,3,10,4,1
17000,9,7,10,8,1
17002,16,5,10,13,1
17003,3,4,10,12,1
17004,22,2,10,17,1
17005,15,7,10,22,1
17006,15,6,10,21,1
17008,14,4,10,26,1
17009,16,5,10,27,1
17012,19,6,10,28,1
17015,13,3,11,1,1
17016,19,7,11,5,1
17017,13,1,11,6,1
17018,10,1,11,6,1
17019,11,4,11,9,1
17021,8,3,11,15,1
17023,17,5,11,17,1
17028,10,1,11,27,1
17029,22,3,11,29,1
17030,11,7,9,17,1
17032,17,2,12,5,1
17038,15,4,12,7,1
17042,22,6,12,23,1
17043,17,7,12,24,1
17045,19,1,12,25,1
17046,17,5,12,22,1
17069,19,1,1,30,1
17070,15,4,1,12,1
17076,18,4,2,9,1
17077,6,5,2,10,1
17079,9,7,3,5,1
17081,21,7,3,19,1
17082,12,3,3,22,1
17083,18,5,3,24,1
17084,16,2,3,21,1
17085,13,4,3,9,1
17086,13,4,3,23,1
17090,14,6,4,29,1
17094,14,5,4,14,1
17096,11,2,2,14,1
17106,14,6,5,6,1
17108,17,3,5,10,1
17109,18,2,5,23,1
17110,13,6,6,3,1
17111,4,7,6,11,1
17112,16,6,6,24,1
17113,3,4,6,1,1
17114,8,2,6,20,1
17120,21,3,7,26,1
17122,20,4,7,6,1
17125,9,1,7,3,1
17128,13,5,7,7,1
17130,11,3,7,26,1
17131,5,6,8,12,1
17135,10,2,8,22,1
17136,19,6,8,5,1
17151,14,6,9,9,1
17169,13,4,11,9,1
17184,14,7,6,4,1
17186,17,3,7,12,1
17188,14,3,7,26,1
17189,16,5,7,28,1
17190,18,3,8,2,1
17191,7,5,8,18,1
17192,16,1,8,21,1
17195,10,5,9,8,1
17200,14,6,10,7,1
17203,7,2,11,28,1
17213,16,3,1,11,1
17215,12,1,1,16,1
17221,5,2,2,14,1
17230,17,3,4,12,1
17232,17,5,4,28,1
17234,21,2,4,25,1
17247,1,5,5,26,1
17250,16,2,5,30,1
17258,17,4,6,1,1
17262,19,7,7,2,1
17268,12,2,8,1,1
17270,2,7,7,30,1
17271,16,2,8,1,1
17273,6,4,8,10,1
17276,19,6,8,12,1
17281,0,5,8,11,1
17289,17,5,9,15,1
17290,1,1,9,25,1
17294,18,3,10,4,1
17295,1,3,10,4,1
17306,17,4,11,23,1
17309,14,4,11,9,1
17313,14,6,8,12,1
17319,20,2,12,5,1
17323,21,6,10,21,1
17335,0,4,1,19,1
17336,18,7,1,29,1
17337,12,2,1,31,1
17338,13,5,2,17,1
17339,9,6,1,28,1
17342,9,5,3,17,1
17345,17,1,4,17,1
17348,16,3,5,3,1
17349,21,5,1,20,1
17352,20,1,5,8,1
17355,16,2,5,9,1
17358,20,7,4,2,1
17361,9,6,5,13,1
17366,6,5,5,26,1
17373,9,7,6,25,1
17374,14,2,6,20,1
17380,13,5,8,4,1
17382,13,1,7,31,1
17384,5,3,8,2,1
17385,12,3,4,19,1
17388,23,5,8,25,1
17389,8,2,8,29,1
17391,4,6,9,2,1
17396,4,3,8,30,1
17397,20,6,6,17,1
17403,9,2,9,26,1
17406,10,7,3,26,1
17408,5,6,11,4,1
17416,18,3,12,13,1
17418,12,3,11,8,1
17420,1,1,12,4,1
17434,6,6,3,4,1
17436,16,6,3,18,1
17439,10,2,4,11,1
17441,12,6,4,29,1
17443,15,6,5,13,1
17447,17,4,6,8,1
17448,14,4,6,8,1
17449,14,2,6,13,1
17451,17,1,6,26,1
17452,16,3,7,5,1
17454,13,7,7,16,1
17455,10,1,7,17,1
17456,12,4,7,20,1
17457,17,1,7,24,1
17466,13,2,8,8,1
17472,20,3,11,8,1
17474,3,5,11,17,1
17481,7,5,12,29,1
17482,9,6,12,30,1
17484,15,4,12,28,1
17488,12,6,1,14,1
17491,21,7,1,22,1
17503,4,7,3,26,1
17504,9,6,3,25,1
17518,1,7,4,16,1
17524,12,7,5,14,1
17531,11,7,4,9,1
17533,16,2,5,9,1
17535,15,7,5,21,1
17543,19,1,6,5,1
17544,14,2,5,9,1
17552,12,1,6,26,1
17561,9,1,7,10,1
17563,9,7,7,16,1
17573,20,2,8,15,1
17577,21,3,8,30,1
17579,15,2,9,19,1
17582,11,2,9,12,1
17591,21,2,10,3,1
17606,13,6,10,28,1
17607,19,2,10,10,1
17624,3,6,11,18,1
17641,18,5,7,7,1
17646,12,5,11,10,1
17649,17,3,1,25,1
17652,7,3,2,15,1
17655,18,2,2,28,1
17656,0,1,3,6,1
17657,7,4,3,9,1
17658,6,2,3,14,1
17660,18,3,3,15,1
17661,14,5,3,24,1
17662,7,2,4,4,1
17663,15,4,4,13,1
17665,12,1,4,24,1
17667,17,4,5,11,1
17669,18,5,5,19,1
17670,16,5,6,2,1
17671,17,7,6,11,1
17672,13,6,6,17,1
17673,17,6,6,17,1
17674,10,5,6,30,1
17676,20,3,7,12,1
17677,22,3,7,19,1
17680,13,5,7,28,1
17684,23,1,7,31,1
17686,9,3,8,2,1
17687,8,5,8,11,1
17689,23,2,8,29,1
17690,0,1,7,24,1
17691,6,4,9,14,1
17692,19,1,9,18,1
17693,17,5,9,22,1
17694,8,3,9,27,1
17695,13,6,9,30,1
17697,5,2,6,6,1
17698,22,6,8,12,1
17699,9,3,10,4,1
17700,14,4,10,5,1
17703,18,5,10,20,1
17704,12,5,10,20,1
17705,11,6,10,21,1
17709,18,7,11,26,1
17710,6,3,11,22,1
17711,10,3,11,29,1
17714,18,7,11,5,1
17715,20,5,11,10,1
17716,8,4,12,14,1
17717,18,2,12,19,1
17718,11,7,3,12,1
17719,7,4,6,22,1
17722,9,5,5,19,1
17724,20,7,6,4,1
17749,8,6,1,28,1
17775,6,6,4,22,1
17781,13,3,4,12,1
17785,6,2,4,18,1
17789,99,1,5,22,1
17790,17,6,5,27,1
17791,18,7,5,28,1
17810,5,3,7,5,1
17818,20,4,8,17,1
17822,12,5,9,29,1
17827,16,5,6,16,1
17838,14,1,12,4,1
17843,15,4,12,28,1
17846,5,3,1,4,1
17849,15,6,1,7,1
17850,7,5,1,20,1
17851,99,6,1,14,1
17855,10,1,2,6,1
17860,11,3,2,15,1
17867,7,3,3,8,1
17868,16,6,3,11,1
17869,19,1,3,13,1
17873,8,5,3,17,1
17874,23,6,3,18,1
17876,13,7,3,19,1
17878,14,4,3,23,1
17879,12,6,3,25,1
17881,12,2,3,21,1
17882,6,7,3,12,1
17883,19,7,3,12,1
17884,17,7,3,19,1
17885,16,7,3,26,1
17889,8,4,4,6,1
17892,11,6,4,8,1
17896,12,7,2,19,1
17897,18,6,4,15,1
17898,13,1,4,17,1
17900,6,5,4,28,1
17901,16,5,4,28,1
17902,5,4,4,13,1
17907,6,5,5,5,1
17909,11,2,5,9,1
17915,12,2,5,23,1
17918,8,5,5,12,1
17920,12,4,5,25,1
17921,17,1,6,12,1
17924,11,6,6,24,1
17926,22,6,6,24,1
17927,15,7,6,25,1
17928,15,5,6,2,1
17931,8,3,6,28,1
17934,0,6,7,8,1
17938,7,2,7,11,1
17942,7,4,7,13,1
17945,15,7,6,25,1
17950,13,3,8,2,1
17952,12,2,8,15,1
17954,14,2,8,8,1
17958,22,6,9,2,1
17960,17,7,3,26,1
17962,19,5,9,22,1
17963,16,5,9,22,1
17971,12,7,7,2,1
17975,17,7,10,29,1
17979,13,6,10,28,1
17981,10,5,3,24,1
17986,22,1,10,30,1
17989,10,7,11,5,1
17990,17,3,11,15,1
17996,13,4,11,23,1
18002,22,2,11,21,1
18003,13,4,12,14,1
18008,8,7,12,10,1
18013,11,6,5,20,1
18015,23,2,12,26,1
18022,15,2,9,19,1
18038,8,6,1,21,1
18039,16,5,1,20,1
18041,13,5,1,6,1
18045,19,1,4,17,1
18046,12,1,4,17,1
18047,11,2,4,25,1
18051,11,6,5,6,1
18054,14,5,4,21,1
18062,15,2,6,27,1
18063,23,4,6,29,1
18066,11,1,7,10,1
18067,16,1,7,10,1
18068,10,5,7,7,1
18070,12,6,7,15,1
18074,17,4,8,3,1
18079,9,5,8,18,1
18082,19,5,8,25,1
18086,6,4,8,31,1
18087,18,3,8,30,1
18092,1,3,9,27,1
18094,16,4,9,28,1
18095,21,4,9,28,1
18096,10,1,9,4,1
18098,9,5,9,29,1
18100,16,2,10,3,1
18102,9,3,10,11,1
18103,15,6,10,14,1
18104,23,4,10,12,1
18106,7,5,10,27,1
18108,19,5,11,3,1
18110,10,6,11,11,1
18111,13,3,11,15,1
18112,16,6,11,18,1
18113,5,5,11,24,1
18114,17,3,11,29,1
18115,0,1,12,4,1
18116,4,2,12,12,1
18118,18,3,12,20,1
18121,6,4,12,28,1
18124,7,4,1,19,1
18126,8,6,2,4,1
18127,16,7,2,12,1
18129,22,7,2,19,1
18130,18,3,2,22,1
18131,21,6,1,28,1
18134,16,1,2,20,1
18137,20,1,4,24,1
18139,7,5,3,17,1
18140,17,5,4,21,1
18145,10,2,6,6,1
18146,18,5,5,19,1
18148,18,7,6,25,1
18150,11,5,7,14,1
18151,13,5,7,14,1
18152,13,7,7,16,1
18156,18,5,8,11,1
18161,15,5,9,15,1
18162,17,5,9,15,1
18163,18,5,9,15,1
18164,13,6,9,16,1
18165,11,4,9,21,1
18167,18,6,9,30,1
18168,15,7,10,8,1
18169,19,2,10,17,1
18170,19,5,11,3,1
18172,17,6,11,11,1
18173,18,7,11,12,1
18174,22,1,11,13,1
18176,8,7,11,19,1
18177,18,4,11,23,1
18181,8,7,12,10,1
18182,13,2,12,12,1
18183,16,1,12,18,1
18187,99,6,12,2,1
18189,8,6,12,30,1
18193,8,6,11,11,1
18194,9,5,6,16,1
18195,15,6,9,9,1
18199,9,7,1,8,1
18200,9,1,1,9,1
18220,13,2,1,10,1
18238,8,3,12,6,1
18244,15,7,1,15,1
18245,12,2,1,3,1
18246,19,2,1,31,1
18251,22,2,2,7,1
18254,23,7,2,19,1
18255,14,7,2,26,1
18256,13,6,3,4,1
18257,12,5,3,17,1
18260,13,7,2,5,1
18261,9,4,3,9,1
18262,12,3,3,22,1
18264,10,6,4,1,1
18265,13,6,4,1,1
18267,17,2,4,4,1
18268,7,2,4,18,1
18274,17,6,5,27,1
18275,13,7,5,28,1
18282,10,5,6,23,1
18284,14,5,6,30,1
18287,11,4,7,6,1
18290,11,3,7,12,1
18294,16,4,7,27,1
18296,13,7,7,23,1
18297,6,5,7,21,1
18300,19,2,8,8,1
18301,15,4,8,17,1
18303,10,4,8,24,1
18306,18,1,8,14,1
18309,6,3,8,16,1
18311,11,5,8,25,1
18312,15,7,8,27,1
18315,9,5,9,15,1
18318,17,2,9,26,1
18325,17,3,10,4,1
18328,0,6,10,28,1
18331,15,4,11,23,1
18332,16,2,11,21,1
18334,16,6,11,25,1
18335,9,3,11,8,1
18337,12,1,12,4,1
18338,9,4,12,14,1
18339,9,4,12,21,1
18352,18,7,12,10,1
18364,16,5,11,24,1
18368,23,6,12,23,1
18369,15,6,2,4,1
