,acchr,dayofweek
0,15,5
1,18,7
2,22,1
3,7,3
4,15,1
5,12,6
6,15,1
7,4,1
8,18,6
9,11,5
10,15,2
11,5,4
12,23,7
13,15,1
14,0,4
15,6,4
16,23,3
17,6,1
18,21,3
19,17,6
20,2,7
21,10,1
22,16,3
23,16,1
24,22,6
25,5,3
26,22,7
27,6,7
28,17,1
29,11,5
30,23,7
31,18,3
32,15,2
33,14,3
34,20,7
35,0,6
36,8,1
37,22,2
38,14,5
39,22,6
40,15,7
41,22,4
42,7,2
43,21,4
44,20,6
45,16,7
46,22,4
47,18,7
48,21,5
49,13,6
50,19,2
51,22,7
52,2,4
53,5,3
54,19,5
55,18,4
56,16,2
57,21,3
58,17,4
59,16,6
60,17,3
61,20,3
62,20,3
63,14,7
64,15,7
65,17,1
66,8,6
67,9,3
68,6,3
69,3,1
70,7,3
71,12,3
72,21,4
73,15,6
74,13,7
75,14,3
76,18,2
77,14,7
78,5,3
79,18,1
80,20,4
81,10,6
82,10,6
83,8,7
84,20,3
85,19,1
86,6,2
87,19,2
88,9,7
89,7,2
90,20,2
91,19,2
92,6,6
93,7,6
94,7,6
95,9,2
96,20,5
97,16,3
98,20,3
99,19,4
100,3,6
101,11,7
102,23,1
103,7,1
104,14,3
105,0,1
106,21,6
107,20,6
108,18,4
109,8,2
110,11,7
111,17,1
112,14,5
113,2,6
114,14,1
115,2,3
116,22,1
117,19,2
118,23,6
119,17,2
120,17,6
121,14,1
122,8,3
123,16,1
124,10,1
125,15,2
126,4,3
127,18,3
128,10,7
129,1,6
130,4,6
131,20,3
132,19,3
133,20,3
134,2,2
135,7,1
136,2,2
137,16,3
138,19,6
139,19,4
140,99,6
141,13,2
142,17,2
143,14,3
144,18,5
145,18,1
146,6,2
147,20,7
148,13,1
149,5,5
150,6,1
151,13,1
152,21,4
153,19,4
154,5,6
155,5,1
156,15,3
157,19,7
158,7,1
159,12,1
160,23,7
161,21,2
162,7,6
163,3,7
164,6,3
165,10,3
166,21,1
167,3,4
168,20,6
169,8,3
170,7,7
171,20,3
172,22,7
173,19,2
174,22,6
175,19,5
176,3,3
177,8,2
178,7,2
179,17,1
180,11,2
181,9,1
182,7,3
183,14,5
184,7,1
185,18,4
186,11,2
187,11,7
188,8,2
189,9,5
190,2,2
191,1,4
192,18,4
193,12,5
194,18,6
195,15,2
196,19,1
197,20,4
198,23,4
199,2,1
200,17,1
201,17,7
202,20,3
203,7,5
204,21,5
205,17,3
206,22,3
207,11,2
208,11,5
209,23,6
210,7,3
211,6,5
212,20,5
213,5,2
214,20,1
215,16,5
216,19,6
217,13,6
218,23,7
219,12,2
220,10,1
221,6,6
222,13,7
223,0,7
224,19,7
225,20,3
226,10,3
227,6,3
228,22,6
229,0,3
230,15,2
231,22,1
232,1,7
233,0,7
234,1,7
235,12,4
236,14,3
237,21,5
238,14,6
239,6,2
240,22,7
241,10,6
242,6,2
243,0,6
244,21,4
245,7,1
246,15,1
247,18,5
248,23,1
249,23,6
250,20,7
251,15,6
252,6,4
253,16,3
254,11,5
255,16,6
256,5,7
257,21,2
258,20,3
259,2,1
260,19,1
261,7,3
262,18,2
263,2,3
264,12,5
265,15,6
266,15,1
267,22,3
268,9,2
269,0,2
270,14,3
271,0,2
272,8,5
273,20,1
274,23,7
275,16,6
276,19,7
277,5,5
278,7,7
279,18,2
280,2,1
281,4,5
282,9,3
283,20,4
284,11,4
285,7,3
286,9,3
287,11,5
288,11,3
289,18,1
290,11,6
291,19,2
292,20,5
293,15,3
294,22,7
295,20,3
296,7,6
297,14,5
298,1,3
299,11,3
300,6,3
301,20,1
302,17,5
303,15,1
304,10,2
305,21,2
306,2,5
307,10,6
308,14,2
309,12,5
310,22,7
311,11,3
312,15,6
313,21,1
314,0,7
315,12,7
316,19,4
317,6,6
318,23,7
319,14,1
320,14,2
321,15,6
322,16,4
323,15,7
324,14,2
325,18,4
326,7,3
327,14,1
328,21,7
329,11,1
330,11,1
331,17,1
332,22,3
333,14,7
334,22,7
335,8,6
336,7,5
337,22,6
338,4,7
339,13,1
340,5,4
341,4,1
342,21,7
343,20,5
344,9,7
345,15,5
346,15,1
347,22,2
348,1,4
349,18,3
350,11,2
351,14,2
352,16,3
353,22,6
354,6,5
355,18,2
356,12,5
357,12,5
358,10,6
359,13,5
360,12,7
361,10,5
362,16,1
363,6,5
364,16,3
365,20,3
366,11,2
367,21,2
368,8,4
369,6,3
370,19,6
371,21,7
372,19,1
373,6,6
374,18,7
375,17,2
376,17,2
377,20,6
378,20,3
379,6,4
380,18,6
381,10,6
382,16,6
383,15,2
384,15,2
385,21,7
386,12,5
387,16,6
388,6,2
389,16,5
390,10,1
391,14,5
392,22,6
393,17,4
394,5,2
395,8,4
396,16,7
397,15,3
398,17,4
399,7,7
400,8,2
401,19,1
402,0,5
403,22,7
404,14,6
405,17,3
406,16,3
407,21,6
408,22,6
409,12,7
410,21,7
411,8,6
412,18,2
413,7,6
414,7,4
415,16,7
416,21,2
417,22,6
418,19,1
419,14,3
420,0,7
421,12,1
422,15,4
423,12,7
424,20,4
425,9,5
426,9,2
427,18,2
428,6,6
429,7,4
430,11,2
431,21,5
432,16,4
433,22,5
434,21,6
435,21,5
436,23,6
437,16,7
438,10,2
439,19,7
440,15,7
441,1,6
442,17,1
443,13,4
444,14,6
445,0,1
446,20,5
447,15,1
448,17,4
449,9,4
450,19,2
451,10,5
452,9,7
453,22,4
454,17,7
455,5,7
456,5,4
457,20,2
458,20,2
459,0,6
460,19,7
461,17,7
462,14,1
463,16,2
464,13,4
465,12,1
466,7,6
467,20,7
468,12,6
469,17,6
470,16,1
471,12,3
472,14,5
473,16,1
474,23,7
475,21,7
476,12,1
477,12,6
478,19,6
479,18,3
480,2,1
481,11,2
482,7,6
483,19,3
484,7,3
485,13,7
486,1,7
487,12,4
488,20,7
489,18,3
490,8,4
491,12,6
492,12,1
493,18,7
494,13,2
495,6,3
496,1,7
497,20,2
498,17,5
499,22,6
500,2,6
501,11,4
502,13,4
503,21,6
504,2,1
505,5,2
506,10,3
507,15,7
508,12,7
509,22,3
510,17,1
511,6,6
512,2,7
513,1,2
514,10,1
515,0,7
516,19,7
517,8,2
518,3,1
519,23,2
520,5,4
521,10,4
522,17,4
523,0,3
524,20,5
525,3,3
526,0,3
527,21,7
528,7,7
529,15,1
530,6,2
531,15,7
532,18,3
533,1,2
534,2,7
535,0,6
536,15,5
537,14,4
538,9,6
539,5,1
540,18,7
541,22,5
542,6,2
543,12,7
544,18,6
545,0,2
546,10,5
547,4,1
548,7,4
549,7,4
550,10,6
551,14,3
552,6,3
553,9,2
554,22,5
555,22,7
556,9,1
557,15,5
558,6,5
559,15,3
560,20,1
561,16,5
562,18,1
563,13,7
564,16,5
565,8,6
566,13,4
567,15,1
568,15,4
569,21,1
570,17,3
571,2,6
572,17,1
573,10,4
574,17,6
575,16,1
576,19,1
577,1,7
578,12,2
579,16,6
580,99,7
581,21,3
582,15,5
583,2,5
584,8,2
585,19,7
586,10,4
587,13,7
588,16,3
589,22,6
590,14,7
591,17,7
592,17,5
593,5,2
594,16,6
595,17,5
596,18,6
597,10,2
598,19,2
599,12,6
600,16,5
601,14,2
602,14,2
603,22,6
604,2,1
605,8,1
606,15,4
607,18,5
608,18,6
609,16,3
610,7,4
611,6,5
612,13,6
613,14,7
614,16,7
615,20,1
616,0,7
617,22,6
618,20,2
619,11,5
620,20,5
621,5,6
622,15,6
623,22,4
624,9,1
625,23,7
626,14,3
627,17,3
628,9,3
629,17,5
630,18,2
631,13,5
632,17,4
633,17,1
634,18,1
635,16,4
636,18,1
637,18,7
638,6,4
639,10,2
640,17,2
641,19,5
642,18,6
643,5,3
644,5,7
645,21,7
646,18,1
647,13,7
648,21,3
649,18,3
650,20,5
651,20,6
652,18,7
653,15,6
654,18,2
655,3,7
656,22,3
657,14,2
658,12,3
659,1,5
660,3,6
661,22,7
662,22,2
663,18,2
664,7,7
665,14,1
666,12,6
667,7,4
668,16,2
669,14,6
670,12,1
671,22,4
672,1,4
673,1,1
674,4,7
675,16,1
676,14,7
677,23,2
678,2,4
679,8,1
680,16,5
681,16,6
682,14,5
683,6,3
684,20,3
685,23,5
686,11,1
687,13,1
688,14,4
689,16,7
690,8,5
691,15,1
692,5,1
693,23,6
694,16,6
695,15,4
696,2,1
697,15,2
698,21,4
699,13,1
700,14,2
701,9,2
702,17,3
703,19,2
704,22,5
705,14,7
706,11,3
707,20,2
708,11,1
709,9,5
710,2,4
711,21,1
712,0,7
713,14,7
714,22,6
715,6,6
716,18,3
717,23,7
718,11,3
719,4,1
720,22,3
721,9,2
722,6,5
723,15,5
724,16,5
725,5,5
726,3,7
727,10,4
728,18,5
729,22,2
730,15,6
731,6,6
732,13,7
733,19,7
734,10,5
735,14,4
736,8,5
737,16,6
738,12,6
739,7,3
740,6,3
741,2,3
742,18,2
743,1,1
744,12,1
745,14,6
746,10,4
747,8,4
748,2,5
749,7,1
750,8,4
751,15,6
752,2,7
753,10,4
754,5,2
755,17,6
756,12,4
757,0,4
758,9,2
759,7,5
760,16,1
761,17,1
762,17,1
763,9,3
764,11,3
765,15,2
766,15,2
767,17,5
768,23,5
769,15,2
770,19,2
771,16,4
772,5,7
773,14,2
774,1,1
775,18,4
776,9,3
777,1,7
778,16,4
779,3,3
780,19,7
781,18,3
782,12,3
783,9,1
784,14,2
785,12,6
786,11,6
787,7,2
788,21,2
789,14,7
790,12,2
791,7,7
792,9,1
793,23,7
794,19,1
795,20,6
796,15,4
797,13,6
798,15,3
799,10,5
800,9,4
801,20,3
802,6,4
803,12,1
804,5,6
805,6,2
806,13,1
807,11,4
808,1,2
809,19,3
810,11,2
811,9,3
812,20,3
813,8,1
814,6,7
815,5,7
816,5,7
817,17,1
818,21,7
819,23,7
820,14,3
821,13,7
822,8,1
823,16,2
824,21,3
825,0,7
826,14,5
827,4,7
828,22,5
829,3,3
830,2,7
831,17,6
832,0,5
833,7,2
834,14,7
835,6,6
836,12,2
837,20,1
838,17,7
839,18,4
840,2,1
841,11,5
842,12,5
843,7,5
844,18,2
845,23,3
846,14,6
847,5,2
848,11,6
849,9,4
850,21,1
851,18,6
852,15,6
853,17,6
854,5,2
855,19,2
856,12,3
857,13,6
858,18,6
859,19,3
860,3,7
861,2,7
862,17,5
863,23,7
864,22,3
865,23,1
866,16,4
867,14,7
868,13,4
869,11,5
870,13,5
871,7,3
872,0,4
873,22,1
874,23,2
875,22,5
876,8,4
877,21,2
878,17,7
879,18,3
880,20,7
881,0,7
882,13,7
883,15,5
884,7,6
885,7,6
886,4,7
887,5,6
888,14,6
889,19,3
890,7,7
891,7,2
892,18,4
893,17,3
894,5,5
895,3,4
896,15,2
897,12,3
898,11,2
899,11,7
900,4,6
901,8,5
902,19,2
903,17,2
904,17,2
905,15,3
906,12,3
907,7,5
908,20,4
909,10,1
910,10,1
911,10,1
912,4,7
913,12,1
914,22,6
915,5,7
916,12,7
917,1,6
918,14,6
919,21,7
920,20,2
921,8,5
922,16,2
923,10,2
924,20,1
925,11,7
926,20,2
927,18,5
928,0,6
929,13,6
930,15,1
931,3,6
932,16,1
933,15,3
934,4,6
935,10,1
936,2,2
937,19,7
938,9,6
939,1,6
940,10,7
941,10,7
942,22,6
943,6,5
944,23,6
945,7,7
946,16,5
947,20,3
948,6,5
949,20,2
950,20,2
951,15,2
952,0,7
953,17,6
954,17,6
955,20,2
956,17,6
957,5,1
958,18,1
959,0,5
960,3,6
961,21,7
962,17,1
963,22,1
964,18,5
965,21,7
966,10,3
967,1,3
968,17,7
969,18,2
970,17,4
971,18,3
972,17,1
973,1,7
974,8,4
975,5,7
976,21,2
977,23,1
978,6,2
979,8,3
980,3,1
981,18,1
982,19,7
983,17,4
984,20,4
985,16,6
986,21,6
987,1,7
988,3,1
989,21,3
990,19,6
991,16,1
992,18,3
993,15,7
994,0,7
995,15,2
996,21,6
997,13,5
998,9,7
999,6,5
1000,10,4
1001,12,1
1002,20,7
1003,22,4
1004,5,7
1005,16,7
1006,9,5
1007,10,3
1008,8,1
1009,18,3
1010,13,7
1011,21,2
1012,22,5
1013,10,2
1014,19,4
1015,4,7
1016,1,1
1017,11,4
1018,8,6
1019,16,7
1020,16,4
1021,7,7
1022,10,6
1023,17,7
1024,15,4
1025,4,6
1026,17,3
1027,20,3
1028,15,4
1029,12,3
1030,5,3
1031,18,7
1032,16,6
1033,10,4
1034,9,6
1035,9,7
1036,10,1
1037,23,6
1038,21,5
1039,13,6
1040,13,4
1041,17,4
1042,16,2
1043,1,2
1044,21,3
1045,13,2
1046,2,3
1047,16,7
1048,17,5
1049,5,4
1050,16,7
1051,16,7
1052,18,5
1053,11,1
1054,14,3
1055,2,6
1056,2,7
1057,14,1
1058,23,2
1059,6,2
1060,20,1
1061,21,7
1062,17,4
1063,1,1
1064,7,3
1065,13,4
1066,9,3
1067,16,4
1068,17,4
1069,0,2
1070,7,5
1071,8,1
1072,16,2
1073,23,7
1074,7,6
1075,18,4
1076,4,1
1077,0,7
1078,19,3
1079,17,4
1080,16,5
1081,15,2
1082,4,2
1083,18,2
1084,18,2
1085,16,6
1086,1,7
1087,12,4
1088,22,7
1089,19,7
1090,9,4
1091,23,1
1092,19,1
1093,8,5
1094,21,1
1095,17,3
1096,9,2
1097,12,1
1098,1,1
1099,8,5
1100,22,1
1101,10,6
1102,15,1
1103,19,6
1104,9,7
1105,20,2
1106,16,4
1107,7,1
1108,15,6
1109,23,6
1110,10,7
1111,4,7
1112,22,4
1113,22,4
1114,4,2
1115,6,4
1116,20,2
1117,18,3
1118,22,1
1119,8,6
1120,9,6
1121,6,1
1122,1,1
1123,13,6
1124,99,3
1125,20,6
1126,12,2
1127,16,6
1128,99,2
1129,17,1
1130,18,4
1131,7,4
1132,18,7
1133,18,6
1134,22,6
1135,22,6
1136,1,3
1137,5,2
1138,12,6
1139,7,6
1140,2,7
1141,12,7
1142,7,6
1143,9,6
1144,12,2
1145,15,3
1146,3,6
1147,6,3
1148,17,7
1149,22,1
1150,9,3
1151,9,3
1152,0,1
1153,10,1
1154,11,1
1155,15,6
1156,22,1
1157,12,2
1158,21,7
1159,9,4
1160,1,7
1161,15,7
1162,16,6
1163,17,4
1164,13,2
1165,14,7
1166,13,5
1167,7,2
1168,19,2
1169,14,2
1170,13,1
1171,13,1
1172,9,3
1173,20,6
1174,9,7
1175,16,7
1176,12,2
1177,22,1
1178,19,5
1179,22,5
1180,23,6
1181,21,4
1182,12,7
1183,8,1
1184,11,7
1185,21,5
1186,20,1
1187,13,2
1188,22,1
1189,21,7
1190,99,2
1191,21,3
1192,2,2
1193,19,2
1194,20,6
1195,18,7
1196,14,5
1197,8,3
1198,3,4
1199,16,5
1200,21,1
1201,23,7
1202,17,5
1203,10,6
1204,14,2
1205,22,7
1206,18,5
1207,18,5
1208,16,3
1209,1,7
1210,22,5
1211,16,6
1212,12,7
1213,2,6
1214,0,7
1215,9,7
1216,22,6
1217,1,7
1218,14,1
1219,17,2
1220,0,2
1221,2,7
1222,7,2
1223,20,6
1224,1,1
1225,20,7
1226,22,6
1227,23,2
1228,13,5
1229,1,7
1230,15,7
1231,14,7
1232,15,1
1233,4,3
1234,11,2
1235,18,2
1236,4,4
1237,8,2
1238,3,2
1239,1,5
1240,18,6
1241,13,3
1242,13,3
1243,11,3
1244,10,2
1245,10,6
1246,14,3
1247,12,1
1248,5,2
1249,20,6
1250,20,1
1251,20,6
1252,14,2
1253,3,5
1254,19,4
1255,11,5
1256,21,6
1257,19,1
1258,10,2
1259,14,3
1260,4,2
1261,1,3
1262,22,3
1263,8,4
1264,20,3
1265,5,4
1266,23,7
1267,18,3
1268,14,2
1269,5,5
1270,16,1
1271,17,2
1272,17,3
1273,18,6
1274,17,4
1275,8,5
1276,0,3
1277,23,4
1278,11,7
1279,20,1
1280,14,1
1281,12,1
1282,19,6
1283,0,7
1284,18,1
1285,20,7
1286,20,5
1287,18,6
1288,20,4
1289,22,6
1290,18,4
1291,6,1
1292,2,7
1293,14,1
1294,4,3
1295,3,3
1296,22,5
1297,9,6
1298,7,3
1299,22,5
1300,2,3
1301,21,4
1302,15,5
1303,13,1
1304,17,7
1305,16,7
1306,12,4
1307,16,6
1308,13,1
1309,7,7
1310,17,6
1311,16,4
1312,2,7
1313,16,3
1314,20,6
1315,0,7
1316,7,6
1317,12,2
1318,18,4
1319,20,1
1320,14,3
1321,21,1
1322,3,4
1323,6,2
1324,21,3
1325,2,1
1326,21,1
1327,7,3
1328,23,7
1329,3,1
1330,11,1
1331,0,1
1332,23,7
1333,0,6
1334,22,5
1335,14,1
1336,9,3
1337,23,6
1338,20,2
1339,22,5
1340,3,5
1341,7,6
1342,8,3
1343,4,1
1344,3,1
1345,23,6
1346,15,2
1347,1,2
1348,17,4
1349,14,3
1350,2,4
1351,1,1
1352,8,7
1353,8,7
1354,7,1
1355,13,7
1356,23,4
1357,2,2
1358,21,6
1359,16,3
1360,16,7
1361,14,1
1362,17,4
1363,9,3
1364,9,3
1365,14,1
1366,17,6
1367,17,7
1368,1,6
1369,6,2
1370,16,4
1371,18,4
1372,16,4
1373,10,4
1374,19,4
1375,19,2
1376,18,5
1377,17,4
1378,12,3
1379,12,3
1380,14,6
1381,0,1
1382,16,5
1383,4,4
1384,22,7
1385,12,4
1386,18,4
1387,7,2
1388,3,5
1389,7,7
1390,22,2
1391,16,3
1392,21,6
1393,18,7
1394,2,7
1395,14,3
1396,20,5
1397,5,6
1398,4,7
1399,13,2
1400,16,2
1401,13,6
1402,1,6
1403,14,3
1404,23,2
1405,15,6
1406,19,7
1407,19,7
1408,15,2
1409,19,1
1410,22,2
1411,21,6
1412,22,3
1413,22,1
1414,23,3
1415,9,5
1416,8,7
1417,4,1
1418,12,1
1419,19,3
1420,13,5
1421,10,1
1422,13,7
1423,19,2
1424,21,1
1425,10,5
1426,14,3
1427,13,3
1428,13,3
1429,18,1
1430,13,5
1431,18,5
1432,12,7
1433,5,5
1434,19,1
1435,23,1
1436,21,6
1437,21,6
1438,2,4
1439,21,2
1440,17,3
1441,13,6
1442,14,6
1443,5,7
1444,20,1
1445,6,5
1446,0,5
1447,5,4
1448,8,1
1449,23,7
1450,15,3
1451,5,7
1452,19,1
1453,2,3
1454,15,3
1455,13,5
1456,18,2
1457,12,6
1458,14,7
1459,16,5
1460,9,1
1461,11,3
1462,17,5
1463,20,5
1464,1,7
1465,18,2
1466,18,1
1467,12,2
1468,6,6
1469,15,3
1470,10,4
1471,18,4
1472,19,7
1473,16,7
1474,13,7
1475,17,6
1476,20,1
1477,14,7
1478,8,2
1479,18,5
1480,12,5
1481,6,4
1482,5,3
1483,7,2
1484,7,2
1485,22,2
1486,15,7
1487,16,2
1488,2,5
1489,19,3
1490,6,3
1491,10,6
1492,0,1
1493,2,6
1494,23,5
1495,14,7
1496,9,5
1497,6,4
1498,14,3
1499,12,4
1500,21,5
1501,6,6
1502,6,6
1503,11,5
1504,18,3
1505,10,7
1506,17,3
1507,12,1
1508,21,5
1509,21,4
1510,20,2
1511,13,7
1512,7,7
1513,15,7
1514,11,6
1515,19,2
1516,14,3
1517,16,5
1518,19,6
1519,23,2
1520,19,7
1521,99,3
1522,4,6
1523,6,3
1524,9,4
1525,3,7
1526,18,7
1527,22,6
1528,22,6
1529,11,4
1530,6,6
1531,14,6
1532,13,6
1533,13,4
1534,11,3
1535,15,7
1536,1,6
1537,21,7
1538,8,7
1539,17,5
1540,11,7
1541,23,4
1542,14,2
1543,6,1
1544,12,4
1545,6,3
1546,6,5
1547,19,6
1548,8,3
1549,2,7
1550,9,6
1551,19,2
1552,6,4
1553,6,4
1554,3,1
1555,8,3
1556,11,1
1557,17,3
1558,17,1
1559,14,2
1560,8,1
1561,23,7
1562,4,5
1563,22,3
1564,17,4
1565,19,1
1566,6,2
1567,19,6
1568,19,6
1569,14,5
1570,7,2
1571,20,5
1572,19,4
1573,20,1
1574,7,2
1575,17,4
1576,10,1
1577,18,5
1578,18,5
1579,11,5
1580,16,4
1581,16,6
1582,20,5
1583,15,4
1584,14,7
1585,16,2
1586,18,6
1587,7,3
1588,5,3
1589,6,3
1590,18,7
1591,2,6
1592,21,5
1593,5,3
1594,17,6
1595,20,6
1596,8,4
1597,3,1
1598,10,2
1599,5,3
1600,19,5
1601,13,4
1602,6,4
1603,8,2
1604,8,2
1605,15,2
1606,21,4
1607,21,4
1608,18,6
1609,8,6
1610,0,1
1611,16,3
1612,1,2
1613,14,6
1614,21,5
1615,10,7
1616,0,1
1617,5,5
1618,10,6
1619,4,4
1620,16,7
1621,14,3
1622,19,5
1623,21,7
1624,12,2
1625,12,7
1626,7,7
1627,21,5
1628,7,4
1629,14,7
1630,4,4
1631,0,6
1632,4,2
1633,8,3
1634,5,3
1635,18,7
1636,3,3
1637,21,4
1638,17,5
1639,9,5
1640,4,5
1641,11,7
1642,22,5
1643,15,7
1644,18,4
1645,16,6
1646,6,2
1647,18,4
1648,22,6
1649,5,1
1650,21,5
1651,17,3
1652,19,7
1653,14,7
1654,16,4
1655,17,7
1656,20,2
1657,5,7
1658,14,2
1659,6,6
1660,16,1
1661,1,1
1662,20,5
1663,6,3
1664,18,5
1665,12,7
1666,20,2
1667,3,1
1668,19,1
1669,17,1
1670,2,7
1671,15,4
1672,4,3
1673,21,4
1674,15,7
1675,10,6
1676,8,2
1677,17,2
1678,12,1
1679,4,2
1680,14,5
1681,21,3
1682,14,7
1683,16,6
1684,15,1
1685,0,1
1686,8,6
1687,23,7
1688,14,7
1689,14,5
1690,9,4
1691,18,1
1692,8,6
1693,7,2
1694,5,4
1695,16,4
1696,10,5
1697,4,1
1698,18,4
1699,11,7
1700,22,6
1701,21,2
1702,20,3
1703,12,5
1704,19,6
1705,14,3
1706,7,4
1707,8,4
1708,17,7
1709,17,3
1710,19,4
1711,13,2
1712,11,4
1713,10,5
1714,22,3
1715,22,3
1716,7,4
1717,20,7
1718,19,5
1719,17,2
1720,13,7
1721,4,7
1722,17,1
1723,18,7
1724,13,4
1725,9,1
1726,23,5
1727,3,2
1728,8,5
1729,14,4
1730,12,4
1731,6,1
1732,18,2
1733,0,5
1734,18,2
1735,5,7
1736,16,6
1737,6,3
1738,6,7
1739,17,5
1740,16,3
1741,5,1
1742,7,3
1743,21,7
1744,6,4
1745,22,7
1746,3,7
1747,11,3
1748,15,5
1749,3,6
1750,11,1
1751,19,7
1752,15,7
1753,18,4
1754,6,5
1755,16,7
1756,12,5
1757,18,7
1758,18,3
1759,17,2
1760,6,2
1761,14,6
1762,17,1
1763,15,2
1764,3,3
1765,16,5
1766,14,7
1767,13,2
1768,18,7
1769,14,3
1770,17,7
1771,16,2
1772,15,1
1773,12,1
1774,23,7
1775,7,5
1776,9,7
1777,8,5
1778,11,5
1779,23,2
1780,0,7
1781,18,2
1782,11,6
1783,6,4
1784,9,5
1785,17,2
1786,4,5
1787,12,1
1788,15,6
1789,17,3
1790,23,2
1791,23,2
1792,23,3
1793,7,1
1794,12,2
1795,6,2
1796,12,2
1797,13,6
1798,15,3
1799,8,7
1800,22,6
1801,20,2
1802,1,3
1803,7,3
1804,21,7
1805,21,7
1806,5,6
1807,1,7
1808,4,2
1809,10,1
1810,17,5
1811,23,4
1812,8,6
1813,23,5
1814,15,6
1815,23,7
1816,7,6
1817,7,2
1818,12,5
1819,5,2
1820,19,4
1821,9,6
1822,22,4
1823,14,4
1824,17,1
1825,13,7
1826,12,5
1827,18,2
1828,21,5
1829,16,2
1830,19,3
1831,20,6
1832,20,4
1833,7,7
1834,8,3
1835,12,3
1836,21,6
1837,7,4
1838,19,3
1839,21,7
1840,19,2
1841,12,3
1842,6,4
1843,20,5
1844,19,7
1845,16,6
1846,2,1
1847,17,1
1848,12,1
1849,22,4
1850,15,7
1851,11,7
1852,7,2
1853,13,6
1854,20,5
1855,5,2
1856,14,3
1857,21,5
1858,14,1
1859,22,6
1860,20,1
1861,20,4
1862,22,5
1863,17,4
1864,23,1
1865,23,1
1866,17,1
1867,10,7
1868,13,3
1869,6,5
1870,6,2
1871,15,4
1872,6,2
1873,8,6
1874,19,1
1875,9,5
1876,17,7
1877,0,2
1878,21,6
1879,14,3
1880,8,1
1881,18,1
1882,19,3
1883,11,1
1884,19,4
1885,7,5
1886,16,6
1887,12,2
1888,15,3
1889,14,2
1890,0,6
1891,1,1
1892,6,1
1893,14,2
1894,18,2
1895,12,5
1896,12,3
1897,18,2
1898,19,2
1899,1,7
1900,22,4
1901,11,6
1902,15,4
1903,18,6
1904,17,4
1905,16,6
1906,6,6
1907,20,4
1908,12,1
1909,6,4
1910,11,4
1911,9,3
1912,17,1
1913,11,5
1914,21,5
1915,7,5
1916,16,7
1917,16,7
1918,18,6
1919,8,7
1920,15,7
1921,20,1
1922,6,5
1923,17,1
1924,6,5
1925,8,7
1926,7,5
1927,7,5
1928,10,7
1929,9,5
1930,8,4
1931,6,5
1932,2,7
1933,14,2
1934,11,6
1935,3,7
1936,11,7
1937,15,3
1938,0,4
1939,19,6
1940,19,6
1941,13,1
1942,16,7
1943,17,7
1944,2,1
1945,21,1
1946,11,7
1947,2,7
1948,16,1
1949,5,4
1950,4,3
1951,0,2
1952,19,6
1953,6,2
1954,19,3
1955,1,7
1956,10,7
1957,6,4
1958,19,2
1959,4,7
1960,4,5
1961,0,7
1962,1,7
1963,20,6
1964,13,1
1965,19,6
1966,17,6
1967,8,2
1968,11,6
1969,20,7
1970,23,6
1971,23,2
1972,20,5
1973,17,3
1974,11,4
1975,6,5
1976,20,6
1977,9,7
1978,5,1
1979,1,1
1980,21,7
1981,23,2
1982,23,2
1983,19,3
1984,19,1
1985,13,2
1986,21,5
1987,16,2
1988,9,7
1989,1,4
1990,6,5
1991,21,1
1992,12,7
1993,0,1
1994,23,7
1995,7,1
1996,13,4
1997,7,2
1998,0,7
1999,18,2
2000,2,3
2001,10,2
2002,23,6
2003,16,4
2004,0,7
2005,16,3
2006,17,7
2007,20,6
2008,19,5
2009,1,2
2010,22,4
2011,9,5
2012,22,1
2013,23,6
2014,15,7
2015,8,2
2016,13,3
2017,5,6
2018,8,6
2019,18,6
2020,16,6
2021,16,2
2022,22,4
2023,2,2
2024,10,7
2025,4,3
2026,14,6
2027,22,2
2028,21,6
2029,13,6
2030,23,4
2031,15,1
2032,9,3
2033,10,1
2034,5,4
2035,17,7
2036,15,1
2037,23,6
2038,12,7
2039,18,5
2040,14,2
2041,17,7
2042,16,2
2043,15,6
2044,18,6
2045,18,2
2046,15,3
2047,0,7
2048,16,7
2049,14,7
2050,19,6
2051,6,4
2052,99,6
2053,16,3
2054,11,4
2055,5,5
2056,10,2
2057,10,4
2058,18,5
2059,21,5
2060,11,2
2061,15,7
2062,6,3
2063,16,3
2064,13,6
2065,15,2
2066,17,6
2067,21,6
2068,23,6
2069,7,3
2070,19,4
2071,6,3
2072,18,3
2073,20,1
2074,18,1
2075,9,6
2076,15,5
2077,9,5
2078,8,6
2079,11,7
2080,14,2
2081,15,7
2082,9,3
2083,11,3
2084,23,7
2085,3,6
2086,8,1
2087,23,5
2088,2,7
2089,3,6
2090,19,5
2091,0,7
2092,2,7
2093,19,5
2094,3,7
2095,3,6
2096,23,4
2097,99,1
2098,18,1
2099,17,1
2100,18,2
2101,21,6
2102,22,7
2103,6,6
2104,5,1
2105,1,2
2106,7,7
2107,21,2
2108,1,3
2109,2,5
2110,23,5
2111,10,3
2112,20,3
2113,5,6
2114,2,3
2115,2,7
2116,3,1
2117,23,6
2118,13,6
2119,21,6
2120,8,3
2121,13,5
2122,4,1
2123,6,5
2124,2,7
2125,2,6
2126,22,7
2127,0,6
2128,0,7
2129,15,1
2130,1,7
2131,2,7
2132,14,2
2133,23,5
2134,16,5
2135,19,7
2136,3,7
2137,19,7
2138,21,7
2139,21,5
2140,15,1
2141,22,2
2142,9,3
2143,17,6
2144,2,1
2145,7,7
2146,1,1
2147,6,7
2148,23,3
2149,19,3
2150,4,1
2151,5,1
2152,23,2
2153,2,7
2154,1,2
2155,3,7
2156,5,7
2157,6,1
2158,5,2
2159,0,5
2160,0,1
2161,1,1
2162,99,7
2163,1,7
2164,21,7
2165,22,2
2166,3,1
2167,1,2
2168,23,7
2169,2,7
2170,21,2
2171,22,4
2172,99,1
2173,2,2
2174,7,2
2175,3,7
2176,3,7
2177,21,6
2178,20,5
2179,23,6
2180,17,1
2181,22,6
2182,1,6
2183,4,5
2184,1,1
2185,20,3
2186,19,2
2187,1,1
2188,1,5
2189,19,5
2190,23,4
2191,23,6
2192,0,1
2193,18,6
2194,1,1
2195,16,1
2196,16,1
2197,18,3
2198,17,7
2199,22,3
2200,99,7
2201,19,7
2202,7,7
2203,1,5
2204,17,2
2205,21,2
2206,13,2
2207,15,6
2208,17,7
2209,5,7
2210,18,4
2211,8,7
2212,23,7
2213,3,1
2214,4,1
2215,9,1
2216,21,1
2217,0,1
2218,2,2
2219,19,4
2220,3,1
2221,1,6
2222,1,1
2223,4,1
2224,2,7
2225,20,6
2226,2,1
2227,6,1
2228,22,1
2229,99,1
2230,1,2
2231,23,4
2232,18,1
2233,23,7
2234,18,2
2235,22,5
2236,2,1
2237,19,7
2238,20,1
2239,15,5
2240,99,2
2241,2,7
2242,2,7
2243,0,7
2244,21,1
2245,21,2
2246,21,7
2247,2,1
2248,3,6
2249,0,5
2250,99,4
2251,18,4
2252,20,6
2253,22,7
2254,23,7
2255,1,7
2256,15,1
2257,0,4
2258,3,5
2259,3,5
2260,23,7
2261,15,1
2262,3,1
2263,2,6
2264,2,7
2265,18,4
2266,15,1
2267,18,4
2268,1,1
2269,1,1
2270,1,1
2271,3,1
2272,3,5
2273,2,1
2274,2,7
2275,4,2
2276,21,3
2277,2,1
2278,1,1
2279,23,7
2280,19,1
2281,2,1
2282,2,6
2283,18,5
2284,2,1
2285,15,5
2286,3,7
2287,3,7
2288,1,7
2289,2,2
2290,2,1
2291,1,6
2292,5,2
2293,1,1
2294,1,6
2295,7,7
2296,23,5
2297,1,6
2298,21,2
2299,22,3
2300,3,6
2301,3,6
2302,7,1
2303,8,2
2304,4,1
2305,1,7
2306,21,6
2307,2,7
2308,17,4
2309,19,7
2310,2,1
2311,2,1
2312,1,2
2313,2,1
2314,3,2
2315,18,4
2316,3,3
2317,10,2
2318,2,7
2319,4,1
2320,1,1
2321,2,5
2322,1,6
2323,1,7
2324,23,7
2325,2,7
2326,21,2
2327,2,5
2328,20,6
2329,23,3
2330,0,3
2331,21,2
2332,2,1
2333,0,3
2334,0,1
2335,0,7
2336,23,6
2337,0,2
2338,0,2
2339,10,2
2340,21,1
2341,4,7
2342,3,7
2343,2,6
2344,20,4
2345,20,7
2346,23,7
2347,3,1
2348,0,7
2349,22,7
2350,2,1
2351,3,1
2352,22,4
2353,15,7
2354,17,6
2355,1,2
2356,23,3
2357,7,6
2358,0,7
2359,5,1
2360,2,4
2361,5,7
2362,23,5
2363,3,7
2364,6,7
2365,1,1
2366,3,1
2367,4,1
2368,10,1
2369,0,4
2370,1,4
2371,22,7
2372,20,4
2373,21,1
2374,22,1
2375,7,4
2376,2,7
2377,3,7
2378,3,7
2379,20,5
2380,17,7
2381,17,2
2382,19,4
2383,0,1
2384,19,2
2385,3,1
2386,0,1
2387,22,5
2388,0,1
2389,2,5
2390,21,6
2391,5,7
2392,2,7
2393,21,1
2394,23,7
2395,19,7
2396,23,5
2397,10,1
2398,16,7
2399,21,2
2400,12,1
2401,1,5
2402,17,7
2403,18,5
2404,3,1
2405,2,7
2406,18,2
2407,23,6
2408,2,2
2409,16,1
2410,10,4
2411,0,5
2412,1,1
2413,20,3
2414,15,2
2415,4,1
2416,0,1
2417,3,1
2418,11,1
2419,5,5
2420,9,4
2421,2,5
2422,3,7
2423,1,6
2424,7,6
2425,5,7
2426,4,2
2427,4,1
2428,18,7
2429,1,7
2430,1,6
2431,19,7
2432,1,7
2433,23,7
2434,23,6
2435,6,7
2436,0,6
2437,0,1
2438,6,3
2439,2,6
2440,16,7
2441,4,3
2442,7,7
2443,2,6
2444,19,6
2445,3,7
2446,2,1
2447,2,1
2448,2,1
2449,5,7
2450,22,6
2451,1,6
2452,2,7
2453,4,7
2454,5,7
2455,2,1
2456,4,1
2457,1,7
2458,1,7
2459,23,5
2460,22,3
2461,2,7
2462,3,7
2463,8,1
2464,3,6
2465,2,3
2466,6,1
2467,0,7
2468,2,2
2469,21,7
2470,2,6
2471,2,1
2472,21,4
2473,4,1
2474,6,2
2475,15,4
2476,5,1
2477,20,1
2478,1,1
2479,3,4
2480,23,5
2481,18,7
2482,2,5
2483,20,6
2484,2,6
2485,0,1
2486,99,5
2487,1,1
2488,2,3
2489,23,3
2490,3,7
2491,2,3
2492,19,4
2493,21,4
2494,2,7
2495,11,1
2496,23,6
2497,1,4
2498,6,3
2499,22,1
2500,6,3
2501,15,3
2502,17,7
2503,3,7
2504,23,6
2505,0,4
2506,6,7
2507,3,5
2508,23,3
2509,1,6
2510,21,2
2511,3,5
2512,1,1
2513,21,7
2514,0,5
2515,3,1
2516,23,3
2517,0,7
2518,17,6
2519,4,7
2520,2,4
2521,4,1
2522,1,5
2523,23,3
2524,3,1
2525,0,2
2526,17,3
2527,23,7
2528,2,7
2529,0,6
2530,1,3
2531,15,5
2532,2,1
2533,0,6
2534,1,6
2535,1,5
2536,2,7
2537,1,1
2538,1,1
2539,23,2
2540,1,7
2541,23,4
2542,3,7
2543,20,3
2544,3,6
2545,2,7
2546,3,1
2547,22,3
2548,1,7
2549,3,7
2550,1,6
2551,23,7
2552,1,6
2553,4,3
2554,2,6
2555,4,1
2556,22,1
2557,18,4
2558,8,1
2559,5,2
2560,2,1
2561,6,4
2562,1,7
2563,19,6
2564,1,7
2565,4,6
2566,19,1
2567,20,1
2568,15,7
2569,0,7
2570,1,6
2571,0,3
2572,3,7
2573,3,7
2574,17,7
2575,2,6
2576,0,6
2577,23,7
2578,1,1
2579,2,1
2580,1,6
2581,1,4
2582,19,2
2583,22,3
2584,11,2
2585,1,1
2586,1,6
2587,9,7
2588,20,7
2589,19,1
2590,12,5
2591,3,6
2592,10,3
2593,4,7
2594,17,3
2595,1,1
2596,21,1
2597,1,3
2598,5,1
2599,8,7
2600,22,1
2601,21,6
2602,23,6
2603,10,4
2604,21,4
2605,3,4
2606,0,5
2607,7,5
2608,23,3
2609,1,1
2610,4,7
2611,21,5
2612,2,6
2613,16,3
2614,3,7
2615,1,6
2616,3,7
2617,20,5
2618,2,4
2619,22,7
2620,18,5
2621,18,7
2622,21,2
2623,20,2
2624,18,1
2625,13,1
2626,12,5
2627,1,1
2628,20,3
2629,3,1
2630,2,1
2631,2,6
2632,22,7
2633,20,6
2634,2,2
2635,2,1
2636,18,5
2637,23,6
2638,23,5
2639,12,1
2640,2,4
2641,4,4
2642,1,5
2643,2,7
2644,2,7
2645,23,5
2646,4,1
2647,11,1
2648,6,1
2649,20,5
2650,2,1
2651,3,5
2652,4,1
2653,16,7
2654,2,7
2655,4,7
2656,21,7
2657,3,1
2658,5,1
2659,20,2
2660,18,5
2661,5,1
2662,19,5
2663,1,1
2664,0,4
2665,1,5
2666,3,1
2667,4,6
2668,4,1
2669,22,7
2670,0,2
2671,2,7
2672,1,7
2673,1,7
2674,23,2
2675,23,4
2676,5,1
2677,0,1
2678,5,1
2679,20,2
2680,0,7
2681,22,1
2682,3,4
2683,1,1
2684,1,7
2685,2,7
2686,1,1
2687,17,3
2688,6,1
2689,23,1
2690,7,6
2691,4,7
2692,10,4
2693,1,6
2694,15,6
2695,3,6
2696,6,1
2697,23,7
2698,1,7
2699,4,2
2700,3,7
2701,3,7
2702,3,4
2703,2,6
2704,16,1
2705,23,6
2706,3,2
2707,5,1
2708,0,2
2709,2,7
2710,2,1
2711,5,4
2712,0,5
2713,23,3
2714,6,7
2715,0,2
2716,20,6
2717,3,7
2718,18,6
2719,7,2
2720,6,6
2721,0,3
2722,8,1
2723,10,7
2724,20,3
2725,3,7
2726,0,5
2727,13,1
2728,0,7
2729,3,7
2730,2,6
2731,1,7
2732,2,6
2733,1,1
2734,1,5
2735,2,1
2736,19,7
2737,20,5
2738,4,5
2739,9,6
2740,3,6
2741,5,6
2742,7,7
2743,19,7
2744,4,1
2745,19,7
2746,1,7
2747,2,5
2748,1,1
2749,2,1
2750,4,1
2751,20,4
2752,1,1
2753,5,1
2754,4,7
2755,4,2
2756,22,6
2757,21,1
2758,7,5
2759,0,7
2760,1,1
2761,6,7
2762,7,7
2763,23,1
2764,2,7
2765,3,1
2766,22,3
2767,6,7
2768,0,7
2769,1,5
2770,0,7
2771,2,7
2772,0,6
2773,19,3
2774,1,7
2775,6,1
2776,21,6
2777,21,1
2778,23,2
2779,23,1
2780,17,7
2781,21,4
2782,23,7
2783,19,3
2784,21,5
2785,22,1
2786,0,5
2787,0,4
2788,3,1
2789,1,1
2790,2,7
2791,2,1
2792,1,1
2793,17,1
2794,2,7
2795,2,6
2796,1,1
2797,0,7
2798,2,5
2799,12,5
2800,4,5
2801,6,2
2802,22,7
2803,16,2
2804,2,5
2805,2,6
2806,1,1
2807,6,3
2808,23,7
2809,21,5
2810,21,1
2811,19,7
2812,2,7
2813,2,4
2814,22,3
2815,9,2
2816,12,1
2817,21,6
2818,21,1
2819,2,7
2820,19,5
2821,3,7
2822,3,4
2823,3,7
2824,22,2
2825,6,6
2826,2,6
2827,18,7
2828,21,4
2829,1,1
2830,21,7
2831,2,1
2832,1,7
2833,19,1
2834,19,1
2835,2,2
2836,2,3
2837,19,1
2838,3,1
2839,2,7
2840,7,7
2841,1,4
2842,18,1
2843,4,1
2844,19,2
2845,21,6
2846,1,3
2847,18,5
2848,21,1
2849,23,7
2850,2,1
2851,0,5
2852,23,1
2853,21,3
2854,4,1
2855,17,4
2856,0,6
2857,4,6
2858,20,5
2859,18,7
2860,21,6
2861,2,1
2862,1,7
2863,17,6
2864,19,3
2865,12,3
2866,2,6
2867,21,6
2868,3,7
2869,2,2
2870,10,7
2871,1,1
2872,2,7
2873,20,3
2874,18,7
2875,4,7
2876,1,1
2877,18,1
2878,0,6
2879,5,5
2880,7,6
2881,2,7
2882,7,7
2883,22,5
2884,2,4
2885,2,2
2886,23,4
2887,2,7
2888,20,7
2889,0,7
2890,20,3
2891,1,7
2892,4,7
2893,12,2
2894,7,1
2895,5,1
2896,13,1
2897,17,7
2898,1,7
2899,4,6
2900,4,1
2901,15,1
2902,1,1
2903,18,3
2904,21,4
2905,1,6
2906,1,7
2907,0,2
2908,14,1
2909,20,2
2910,2,1
2911,4,1
2912,20,2
2913,18,2
2914,2,7
2915,99,1
2916,23,7
2917,18,5
2918,2,7
2919,0,7
2920,3,7
2921,0,1
2922,22,5
2923,23,6
2924,22,6
2925,22,7
2926,23,7
2927,99,1
2928,21,6
2929,12,5
2930,2,1
2931,3,7
2932,4,1
2933,1,6
2934,13,1
2935,99,6
2936,1,2
2937,1,3
2938,14,5
2939,2,5
2940,21,4
2941,4,7
2942,21,7
2943,16,7
2944,20,1
2945,0,7
2946,2,2
2947,23,3
2948,4,1
2949,1,2
2950,17,2
2951,2,1
2952,22,1
2953,2,2
2954,0,7
2955,1,1
2956,22,6
2957,5,1
2958,5,1
2959,23,4
2960,12,7
2961,4,7
2962,19,3
2963,3,4
2964,20,7
2965,22,7
2966,22,1
2967,2,4
2968,4,7
2969,2,6
2970,14,6
2971,23,6
2972,2,6
2973,6,1
2974,23,1
2975,1,1
2976,10,6
2977,0,1
2978,2,2
2979,1,2
2980,23,5
2981,5,7
2982,20,1
2983,5,1
2984,2,2
2985,21,7
2986,22,7
2987,2,1
2988,22,7
2989,6,7
2990,2,1
2991,3,1
2992,4,5
2993,23,5
2994,21,6
2995,19,7
2996,4,2
2997,23,3
2998,21,3
2999,1,1
3000,20,4
3001,2,1
3002,2,7
3003,8,2
3004,4,2
3005,3,4
3006,2,1
3007,0,1
3008,2,7
3009,0,6
3010,23,1
3011,3,5
3012,2,7
3013,3,1
3014,17,5
3015,2,7
3016,1,7
3017,2,1
3018,1,1
3019,1,4
3020,2,4
3021,20,1
3022,7,7
3023,2,1
3024,0,4
3025,5,4
3026,3,1
3027,3,1
3028,22,1
3029,2,7
3030,22,1
3031,8,1
3032,2,6
3033,6,4
3034,16,7
3035,2,7
3036,1,7
3037,20,5
3038,3,6
3039,2,7
3040,6,7
3041,2,1
3042,2,1
3043,3,1
3044,10,7
3045,4,1
3046,4,1
3047,4,7
3048,1,1
3049,3,6
3050,2,7
3051,22,2
3052,0,1
3053,6,1
3054,23,7
3055,5,6
3056,3,6
3057,1,2
3058,0,1
3059,6,7
3060,2,1
3061,1,5
3062,4,7
3063,0,4
3064,16,1
3065,19,1
3066,6,1
3067,3,1
3068,1,5
3069,19,1
3070,21,7
3071,1,1
3072,12,7
3073,2,1
3074,23,2
3075,8,7
3076,0,1
3077,2,3
3078,4,4
3079,2,5
3080,22,2
3081,2,1
3082,22,3
3083,0,5
3084,1,1
3085,4,7
3086,1,1
3087,2,1
3088,19,4
3089,2,3
3090,1,2
3091,7,7
3092,17,5
3093,2,7
3094,23,1
3095,1,6
3096,13,3
3097,2,5
3098,18,1
3099,21,6
3100,17,3
3101,20,4
3102,23,7
3103,23,6
3104,1,7
3105,3,1
3106,3,7
3107,20,7
3108,21,4
3109,21,7
3110,11,7
3111,18,7
3112,2,6
3113,23,5
3114,2,7
3115,1,7
3116,1,7
3117,5,1
3118,2,6
3119,2,1
3120,23,6
3121,1,7
3122,2,7
3123,2,5
3124,21,7
3125,19,2
3126,18,3
3127,6,7
3128,11,5
3129,9,1
3130,2,7
3131,1,3
3132,23,5
3133,2,1
3134,3,1
3135,3,5
3136,18,7
3137,1,1
3138,2,5
3139,3,2
3140,2,1
3141,22,2
3142,3,3
3143,22,7
3144,3,1
3145,16,1
3146,2,7
3147,4,1
3148,3,3
3149,1,4
3150,19,7
3151,14,7
3152,23,7
3153,22,1
3154,2,1
3155,20,5
3156,14,2
3157,16,2
3158,23,3
3159,17,7
3160,4,7
3161,14,2
3162,21,1
3163,22,7
3164,19,2
3165,5,6
3166,3,6
3167,1,7
3168,18,7
3169,4,6
3170,3,5
3171,20,7
3172,0,1
3173,23,7
3174,23,3
3175,22,6
3176,3,1
3177,15,1
3178,18,3
3179,4,7
3180,10,2
3181,2,5
3182,6,2
3183,3,1
3184,22,5
3185,0,7
3186,20,6
3187,5,1
3188,19,4
3189,16,4
3190,19,4
3191,2,2
3192,0,2
3193,19,5
3194,5,3
3195,0,6
3196,18,4
3197,7,1
3198,4,6
3199,23,3
3200,4,1
3201,14,4
3202,3,7
3203,3,1
3204,3,5
3205,20,4
3206,0,1
3207,23,7
3208,14,7
3209,0,3
3210,17,3
3211,21,3
3212,2,7
3213,18,5
3214,11,6
3215,14,7
3216,19,1
3217,6,7
3218,23,7
3219,22,1
3220,3,1
3221,4,2
3222,2,4
3223,0,1
3224,22,2
3225,4,6
3226,5,7
3227,99,1
3228,18,6
3229,1,4
3230,99,6
3231,2,2
3232,2,1
3233,3,6
3234,23,5
3235,2,7
3236,1,7
3237,3,1
3238,15,1
3239,21,6
3240,99,7
3241,5,1
3242,1,7
3243,1,2
3244,1,7
3245,3,7
3246,6,1
3247,1,7
3248,20,4
3249,1,1
3250,2,3
3251,16,5
3252,17,1
3253,2,6
3254,5,7
3255,21,7
3256,2,1
3257,2,1
3258,20,1
3259,5,7
3260,3,6
3261,5,7
3262,20,1
3263,19,3
3264,0,3
3265,19,5
3266,1,1
3267,1,2
3268,18,1
3269,3,7
3270,5,7
3271,1,1
3272,17,4
3273,19,4
3274,3,7
3275,23,6
3276,2,1
3277,23,2
3278,1,4
3279,0,7
3280,14,1
3281,18,6
3282,5,1
3283,1,5
3284,2,7
3285,1,1
3286,2,2
3287,22,6
3288,22,1
3289,16,2
3290,1,2
3291,4,7
3292,1,7
3293,7,5
3294,23,7
3295,2,1
3296,2,1
3297,2,3
3298,0,5
3299,99,6
3300,0,3
3301,3,7
3302,2,1
3303,2,7
3304,16,7
3305,3,1
3306,7,1
3307,2,6
3308,18,6
3309,17,2
3310,22,6
3311,12,3
3312,2,7
3313,6,1
3314,1,6
3315,3,1
3316,0,7
3317,3,5
3318,2,1
3319,11,2
3320,2,7
3321,2,3
3322,1,7
3323,0,1
3324,0,6
3325,21,6
3326,21,1
3327,3,1
3328,1,1
3329,18,3
3330,99,7
3331,1,2
3332,22,7
3333,23,7
3334,2,7
3335,19,4
3336,3,1
3337,20,2
3338,23,1
3339,1,2
3340,3,1
3341,6,7
3342,2,6
3343,16,6
3344,3,7
3345,2,6
3346,1,7
3347,23,2
3348,2,7
3349,23,7
3350,2,7
3351,2,6
3352,5,7
3353,2,1
3354,1,1
3355,13,7
3356,2,1
3357,2,1
3358,3,5
3359,22,6
3360,1,2
3361,3,7
3362,2,7
3363,6,3
3364,1,7
3365,1,1
3366,5,7
3367,13,3
3368,7,3
3369,4,3
3370,22,7
3371,21,7
3372,21,2
3373,20,5
3374,22,7
3375,22,6
3376,22,1
3377,6,6
3378,1,2
3379,15,4
3380,6,6
3381,21,1
3382,1,4
3383,3,5
3384,5,2
3385,23,5
3386,1,2
3387,23,6
3388,0,7
3389,0,7
3390,0,2
3391,3,6
3392,4,7
3393,0,1
3394,4,7
3395,22,1
3396,1,1
3397,23,5
3398,1,3
3399,16,7
3400,8,7
3401,2,6
3402,3,1
3403,1,7
3404,22,4
3405,2,1
3406,0,7
3407,2,4
3408,5,1
3409,3,3
3410,23,1
3411,0,6
3412,1,6
3413,4,3
3414,8,5
3415,6,7
3416,0,4
3417,22,7
3418,4,7
3419,2,3
3420,0,7
3421,1,6
3422,2,7
3423,2,7
3424,8,7
3425,2,7
3426,4,7
3427,0,7
3428,2,4
3429,0,6
3430,4,5
3431,0,5
3432,17,6
3433,4,7
3434,1,1
3435,2,5
3436,2,4
3437,0,1
3438,20,1
3439,2,4
3440,0,1
3441,21,4
3442,2,6
3443,19,4
3444,6,7
3445,23,7
3446,12,6
3447,0,5
3448,10,7
3449,20,7
3450,0,7
3451,14,6
3452,2,7
3453,2,1
3454,3,7
3455,20,7
3456,21,2
3457,23,2
3458,23,5
3459,4,6
3460,23,6
3461,0,1
3462,21,7
3463,1,1
3464,21,1
3465,2,7
3466,5,7
3467,1,1
3468,1,4
3469,2,2
3470,1,1
3471,23,4
3472,21,6
3473,4,5
3474,21,6
3475,20,1
3476,18,4
3477,2,7
3478,2,5
3479,15,7
3480,2,1
3481,2,7
3482,0,1
3483,19,3
3484,2,2
3485,2,7
3486,8,3
3487,0,2
3488,3,1
3489,19,7
3490,20,7
3491,2,6
3492,22,1
3493,4,6
3494,17,2
3495,5,2
3496,1,4
3497,1,5
3498,20,2
3499,19,1
3500,6,1
3501,1,2
3502,8,7
3503,19,4
3504,1,5
3505,7,7
3506,5,1
3507,16,4
3508,3,1
3509,5,1
3510,21,5
3511,20,7
3512,1,7
3513,1,7
3514,21,3
3515,7,7
3516,6,7
3517,10,1
3518,1,5
3519,4,1
3520,22,6
3521,4,1
3522,4,1
3523,3,4
3524,3,4
3525,23,6
3526,5,5
3527,17,2
3528,1,7
3529,1,6
3530,22,7
3531,12,2
3532,19,7
3533,21,4
3534,2,1
3535,2,1
3536,22,4
3537,3,1
3538,2,7
3539,2,5
3540,15,7
3541,2,1
3542,23,6
3543,0,4
3544,2,3
3545,3,1
3546,4,1
3547,20,6
3548,4,3
3549,22,7
3550,15,2
3551,4,7
3552,23,4
3553,23,5
3554,3,5
3555,1,1
3556,1,7
3557,3,1
3558,20,4
3559,2,7
3560,2,1
3561,17,6
3562,3,1
3563,0,7
3564,4,1
3565,2,1
3566,1,6
3567,12,7
3568,2,1
3569,21,1
3570,16,4
3571,4,7
3572,4,5
3573,23,5
3574,10,3
3575,6,7
3576,22,7
3577,6,7
3578,2,1
3579,22,2
3580,2,7
3581,0,1
3582,6,1
3583,22,5
3584,10,7
3585,1,2
3586,99,3
3587,15,3
3588,19,4
3589,18,7
3590,21,5
3591,22,7
3592,22,7
3593,4,1
3594,2,6
3595,2,1
3596,0,7
3597,1,6
3598,21,7
3599,2,1
3600,99,5
3601,1,4
3602,3,6
3603,12,2
3604,22,7
3605,21,3
3606,21,2
3607,20,1
3608,0,6
3609,15,2
3610,0,1
3611,0,3
3612,23,6
3613,1,7
3614,22,6
3615,2,5
3616,21,6
3617,1,5
3618,16,2
3619,1,4
3620,0,5
3621,3,6
3622,2,1
3623,2,4
3624,0,3
3625,4,6
3626,23,1
3627,2,7
3628,4,1
3629,7,6
3630,23,3
3631,2,1
3632,1,5
3633,4,7
3634,2,1
3635,23,6
3636,0,4
3637,5,7
3638,2,7
3639,0,1
3640,3,7
3641,1,1
3642,21,4
3643,23,2
3644,1,3
3645,2,2
3646,1,6
3647,2,7
3648,6,6
3649,14,2
3650,2,6
3651,21,4
3652,21,6
3653,2,1
3654,22,4
3655,20,4
3656,5,7
3657,20,7
3658,3,7
3659,13,2
3660,1,4
3661,20,2
3662,2,6
3663,1,4
3664,23,7
3665,1,1
3666,0,2
3667,3,3
3668,16,7
3669,2,6
3670,2,7
3671,22,4
3672,17,1
3673,3,7
3674,1,7
3675,1,7
3676,8,7
3677,23,7
3678,0,2
3679,20,5
3680,3,7
3681,0,5
3682,14,5
3683,22,7
3684,23,6
3685,0,1
3686,3,5
3687,18,4
3688,17,5
3689,1,7
3690,2,1
3691,19,2
3692,0,7
3693,19,7
3694,1,6
3695,17,1
3696,5,3
3697,16,4
3698,22,6
3699,2,3
3700,23,7
3701,14,4
3702,18,6
3703,2,4
3704,1,3
3705,4,7
3706,1,3
3707,19,3
3708,7,1
3709,17,3
3710,0,2
3711,22,2
3712,3,2
3713,1,4
3714,2,3
3715,2,2
3716,23,7
3717,23,5
3718,21,3
3719,23,7
3720,4,1
3721,4,1
3722,1,7
3723,5,3
3724,5,2
3725,23,6
3726,0,6
3727,1,1
3728,0,4
3729,22,3
3730,23,3
3731,14,2
3732,0,1
3733,3,1
3734,23,5
3735,5,7
3736,5,1
3737,23,3
3738,0,2
3739,1,5
3740,1,4
3741,5,1
3742,2,1
3743,0,4
3744,3,1
3745,19,6
3746,18,7
3747,21,2
3748,1,1
3749,22,3
3750,5,1
3751,21,1
3752,0,1
3753,3,6
3754,21,7
3755,16,1
3756,19,7
3757,4,3
3758,6,6
3759,6,2
3760,4,1
3761,3,1
3762,1,3
3763,5,7
3764,6,2
3765,17,4
3766,2,7
3767,4,1
3768,0,1
3769,1,5
3770,0,4
3771,1,1
3772,0,5
3773,2,6
3774,4,1
3775,1,1
3776,3,1
3777,0,2
3778,0,3
3779,2,1
3780,16,4
3781,0,7
3782,0,4
3783,1,5
3784,10,4
3785,1,3
3786,2,3
3787,2,1
3788,3,1
3789,1,3
3790,2,4
3791,1,7
3792,19,7
3793,0,7
3794,2,1
3795,9,4
3796,3,7
3797,7,3
3798,20,6
3799,19,6
3800,1,2
3801,19,1
3802,3,1
3803,3,7
3804,4,1
3805,1,7
3806,3,1
3807,0,3
3808,1,6
3809,13,4
3810,3,7
3811,3,1
3812,19,3
3813,3,7
3814,2,7
3815,4,1
3816,18,2
3817,7,6
3818,21,5
3819,5,4
3820,4,1
3821,4,1
3822,18,7
3823,7,5
3824,2,1
3825,6,3
3826,6,6
3827,1,7
3828,1,7
3829,7,1
3830,22,7
3831,4,1
3832,0,7
3833,1,7
3834,6,1
3835,18,6
3836,22,2
3837,17,6
3838,4,6
3839,21,6
3840,3,6
3841,2,1
3842,5,1
3843,7,6
3844,0,1
3845,6,7
3846,18,6
3847,19,1
3848,0,7
3849,2,5
3850,0,7
3851,0,7
3852,1,1
3853,23,5
3854,21,2
3855,4,1
3856,3,7
3857,22,4
3858,0,1
3859,2,1
3860,23,3
3861,0,5
3862,0,5
3863,0,4
3864,6,6
3865,23,2
3866,3,5
3867,22,4
3868,20,5
3869,4,7
3870,19,7
3871,23,3
3872,0,2
3873,11,4
3874,6,1
3875,23,3
3876,6,7
3877,23,6
3878,16,1
3879,21,5
3880,5,7
3881,22,6
3882,1,6
3883,2,5
3884,2,1
3885,1,2
3886,2,1
3887,0,7
3888,2,7
3889,3,1
3890,0,1
3891,2,1
3892,2,6
3893,5,1
3894,18,5
3895,21,1
3896,2,4
3897,18,3
3898,5,7
3899,17,7
3900,3,1
3901,1,6
3902,3,1
3903,7,6
3904,22,7
3905,0,6
3906,21,7
3907,23,7
3908,2,1
3909,1,4
3910,5,4
3911,2,7
3912,17,1
3913,0,1
3914,23,6
3915,3,6
3916,5,1
3917,21,1
3918,1,7
3919,21,5
3920,2,7
3921,2,7
3922,20,3
3923,3,3
3924,16,4
3925,2,6
3926,2,2
3927,2,4
3928,18,1
3929,0,5
3930,99,2
3931,4,7
3932,21,3
3933,23,6
3934,2,3
3935,1,1
3936,2,1
3937,0,2
3938,4,1
3939,1,1
3940,21,5
3941,1,7
3942,20,5
3943,6,1
3944,22,7
3945,21,2
3946,22,4
3947,1,1
3948,3,3
3949,0,5
3950,3,1
3951,2,1
3952,2,1
3953,5,1
3954,2,7
3955,23,6
3956,22,6
3957,2,1
3958,1,1
3959,0,1
3960,0,1
3961,1,1
3962,3,7
3963,2,1
3964,22,7
3965,3,7
3966,1,7
3967,2,4
3968,14,3
3969,1,5
3970,18,1
3971,4,4
3972,2,7
3973,3,7
3974,12,7
3975,1,6
3976,2,7
3977,1,6
3978,22,3
3979,0,1
3980,23,1
3981,6,7
3982,20,2
3983,21,1
3984,3,1
3985,0,1
3986,4,7
3987,22,6
3988,21,6
3989,2,3
3990,21,3
3991,1,1
3992,16,1
3993,23,7
3994,23,6
3995,23,2
3996,5,2
3997,2,1
3998,22,7
3999,22,2
4000,3,6
4001,20,4
4002,20,1
4003,11,7
4004,1,7
4005,13,4
4006,2,7
4007,13,7
4008,21,1
4009,21,6
4010,7,4
4011,9,7
4012,23,5
4013,21,7
4014,3,7
4015,20,7
4016,99,7
4017,21,2
4018,21,4
4019,9,1
4020,20,7
4021,9,2
4022,4,6
4023,18,6
4024,21,1
4025,13,2
4026,3,1
4027,99,7
4028,6,1
4029,5,7
4030,99,4
4031,3,1
4032,23,6
4033,99,7
4034,99,2
4035,20,4
4036,23,2
4037,23,1
4038,2,7
4039,2,7
4040,2,7
4041,0,5
4042,2,7
4043,2,1
4044,2,7
4045,2,2
4046,19,7
4047,5,1
4048,1,7
4049,19,5
4050,5,1
4051,10,7
4052,2,1
4053,8,1
4054,7,7
4055,0,7
4056,1,1
4057,1,1
4058,0,7
4059,3,1
4060,2,7
4061,0,5
4062,7,1
4063,5,4
4064,20,6
4065,2,7
4066,4,7
4067,23,1
4068,21,7
4069,0,2
4070,3,4
4071,19,6
4072,3,6
4073,1,7
4074,2,7
4075,0,6
4076,22,5
4077,2,1
4078,1,7
4079,19,2
4080,22,6
4081,4,7
4082,7,7
4083,22,2
4084,2,4
4085,2,6
4086,0,6
4087,1,6
4088,20,1
4089,2,1
4090,20,7
4091,2,7
4092,21,2
4093,3,7
4094,0,2
4095,1,1
4096,23,7
4097,19,7
4098,23,2
4099,9,5
4100,3,6
4101,22,5
4102,2,7
4103,3,1
4104,23,2
4105,1,3
4106,12,7
4107,23,5
4108,1,7
4109,2,7
4110,22,3
4111,3,6
4112,3,7
4113,6,1
4114,2,7
4115,4,7
4116,9,7
4117,16,5
4118,20,7
4119,8,7
4120,2,7
4121,2,7
4122,1,1
4123,1,5
4124,0,6
4125,0,1
4126,14,2
4127,3,1
4128,21,6
4129,1,7
4130,0,1
4131,4,2
4132,4,7
4133,3,1
4134,0,7
4135,1,4
4136,23,3
4137,2,5
4138,15,6
4139,4,1
4140,20,7
4141,2,7
4142,0,3
4143,1,2
4144,2,2
4145,5,7
4146,22,4
4147,3,1
4148,21,6
4149,3,6
4150,5,7
4151,21,3
4152,23,7
4153,2,1
4154,5,1
4155,23,4
4156,2,4
4157,0,4
4158,1,7
4159,8,1
4160,3,4
4161,5,6
4162,3,1
4163,1,6
4164,1,7
4165,0,2
4166,1,7
4167,2,7
4168,4,7
4169,21,6
4170,0,1
4171,18,2
4172,1,5
4173,17,5
4174,23,5
4175,0,7
4176,1,7
4177,2,4
4178,0,6
4179,6,7
4180,1,7
4181,16,1
4182,23,6
4183,3,2
4184,12,1
4185,3,4
4186,20,4
4187,0,7
4188,0,6
4189,4,7
4190,1,1
4191,1,4
4192,11,4
4193,1,6
4194,1,4
4195,22,5
4196,3,6
4197,22,7
4198,17,3
4199,21,4
4200,3,3
4201,3,7
4202,3,1
4203,17,5
4204,21,1
4205,18,6
4206,0,1
4207,2,5
4208,2,4
4209,1,3
4210,23,6
4211,20,6
4212,13,2
4213,0,6
4214,1,7
4215,3,7
4216,22,7
4217,7,1
4218,1,7
4219,21,6
4220,20,6
4221,5,7
4222,22,6
4223,1,1
4224,14,4
4225,3,5
4226,18,7
4227,1,7
4228,19,5
4229,2,7
4230,2,7
4231,18,4
4232,16,7
4233,2,1
4234,4,7
4235,2,7
4236,17,7
4237,2,1
4238,20,3
4239,6,7
4240,19,1
4241,17,7
4242,99,1
4243,0,1
4244,19,5
4245,23,3
4246,22,2
4247,3,6
4248,21,6
4249,19,4
4250,6,5
4251,6,7
4252,21,3
4253,19,6
4254,6,3
4255,6,7
4256,8,2
4257,19,7
4258,13,5
4259,23,1
4260,23,1
4261,9,1
4262,18,3
4263,13,2
4264,18,7
4265,12,1
4266,6,2
4267,17,2
4268,20,1
4269,16,6
4270,17,4
4271,14,3
4272,17,7
4273,22,7
4274,22,7
4275,0,2
4276,1,7
4277,15,1
4278,7,2
4279,6,4
4280,12,6
4281,19,4
4282,23,1
4283,12,7
4284,17,4
4285,16,6
4286,18,4
4287,17,5
4288,14,3
4289,21,3
4290,10,2
4291,6,5
4292,9,3
4293,99,1
4294,20,6
4295,21,7
4296,13,1
4297,9,3
4298,17,3
4299,20,5
4300,7,4
4301,19,7
4302,10,1
4303,0,2
4304,16,5
4305,19,6
4306,23,6
4307,18,5
4308,19,5
4309,9,2
4310,1,7
4311,11,6
4312,6,6
4313,0,7
4314,17,7
4315,18,7
4316,15,2
4317,13,3
4318,14,3
4319,12,5
4320,16,3
4321,19,7
4322,23,7
4323,7,6
4324,7,5
4325,9,7
4326,1,3
4327,5,4
4328,17,1
4329,1,7
4330,21,1
4331,13,5
4332,2,7
4333,12,7
4334,9,6
4335,0,4
4336,12,6
4337,21,2
4338,21,2
4339,20,4
4340,2,1
4341,4,7
4342,22,7
4343,13,1
4344,13,1
4345,17,1
4346,4,1
4347,21,7
4348,0,7
4349,6,1
4350,14,2
4351,5,3
4352,0,4
4353,1,6
4354,5,7
4355,11,7
4356,2,1
4357,16,2
4358,21,3
4359,6,6
4360,10,1
4361,18,1
4362,6,3
4363,8,5
4364,23,6
4365,18,4
4366,19,5
4367,13,4
4368,7,5
4369,20,6
4370,14,4
4371,18,4
4372,12,2
4373,9,3
4374,22,4
4375,16,5
4376,21,1
4377,22,1
4378,16,4
4379,7,2
4380,4,1
4381,13,1
4382,8,2
4383,19,4
4384,4,1
4385,6,6
4386,19,6
4387,17,4
4388,19,6
4389,4,6
4390,11,6
4391,16,6
4392,20,3
4393,18,3
4394,18,4
4395,14,3
4396,17,3
4397,2,7
4398,4,3
4399,4,3
4400,21,7
4401,6,6
4402,17,5
4403,19,6
4404,18,2
4405,22,5
4406,12,5
4407,20,7
4408,1,7
4409,0,3
4410,18,2
4411,22,7
4412,10,5
4413,15,5
4414,14,2
4415,18,2
4416,18,4
4417,19,2
4418,0,2
4419,20,5
4420,21,5
4421,19,7
4422,9,1
4423,12,4
4424,20,1
4425,21,5
4426,17,2
4427,19,3
4428,9,1
4429,20,3
4430,19,7
4431,12,7
4432,21,5
4433,21,2
4434,23,2
4435,16,3
4436,2,1
4437,22,3
4438,3,1
4439,1,1
4440,3,5
4441,15,6
4442,13,4
4443,2,1
4444,16,2
4445,4,1
4446,1,7
4447,4,6
4448,21,2
4449,18,1
4450,17,4
4451,1,6
4452,20,7
4453,1,6
4454,14,5
4455,14,7
4456,2,1
4457,23,4
4458,4,1
4459,15,2
4460,17,6
4461,16,5
4462,23,3
4463,4,1
4464,6,2
4465,12,5
4466,12,5
4467,19,5
4468,18,7
4469,4,2
4470,16,2
4471,15,2
4472,10,4
4473,20,7
4474,17,4
4475,9,5
4476,7,5
4477,12,6
4478,13,6
4479,6,1
4480,2,1
4481,10,2
4482,13,5
4483,4,1
4484,7,3
4485,17,1
4486,1,1
4487,2,5
4488,2,5
4489,21,5
4490,9,5
4491,21,6
4492,18,2
4493,1,7
4494,22,5
4495,1,7
4496,19,1
4497,18,1
4498,1,1
4499,17,6
4500,7,3
4501,8,2
4502,1,2
4503,15,4
4504,6,6
4505,19,7
4506,12,6
4507,7,1
4508,11,1
4509,8,5
4510,4,3
4511,15,3
4512,1,6
4513,0,7
4514,23,4
4515,10,2
4516,8,3
4517,16,3
4518,12,5
4519,12,4
4520,4,1
4521,21,7
4522,23,7
4523,21,4
4524,19,4
4525,16,3
4526,15,2
4527,19,5
4528,20,5
4529,17,2
4530,2,1
4531,15,2
4532,19,6
4533,15,7
4534,2,6
4535,17,2
4536,6,5
4537,22,5
4538,10,4
4539,23,5
4540,0,5
4541,18,7
4542,19,6
4543,6,2
4544,12,1
4545,23,3
4546,15,4
4547,13,2
4548,14,4
4549,15,6
4550,17,4
4551,19,6
4552,2,6
4553,0,5
4554,17,6
4555,2,7
4556,11,7
4557,12,7
4558,0,6
4559,23,4
4560,16,4
4561,18,7
4562,17,3
4563,21,7
4564,21,7
4565,13,7
4566,16,1
4567,15,2
4568,22,7
4569,14,1
4570,5,1
4571,4,1
4572,5,1
4573,15,4
4574,22,4
4575,20,2
4576,19,7
4577,14,2
4578,15,7
4579,9,5
4580,21,7
4581,2,1
4582,15,2
4583,15,6
4584,22,2
4585,4,5
4586,23,6
4587,3,1
4588,1,4
4589,14,3
4590,4,1
4591,0,1
4592,19,6
4593,10,7
4594,8,7
4595,23,3
4596,0,5
4597,2,3
4598,12,5
4599,17,4
4600,14,5
4601,6,6
4602,21,1
4603,22,7
4604,17,4
4605,16,4
4606,17,3
4607,99,7
4608,4,7
4609,20,4
4610,6,5
4611,5,1
4612,20,2
4613,11,4
4614,4,7
4615,11,1
4616,4,6
4617,4,7
4618,2,2
4619,16,3
4620,15,6
4621,14,7
4622,21,5
4623,18,6
4624,17,1
4625,13,1
4626,19,2
4627,13,6
4628,12,7
4629,7,2
4630,3,7
4631,2,2
4632,2,7
4633,2,7
4634,3,1
4635,19,2
4636,20,6
4637,19,4
4638,3,1
4639,21,6
4640,14,4
4641,12,3
4642,5,7
4643,21,5
4644,5,4
4645,22,1
4646,16,5
4647,21,7
4648,19,6
4649,0,2
4650,13,5
4651,22,5
4652,20,3
4653,6,6
4654,6,6
4655,12,6
4656,15,4
4657,16,3
4658,16,3
4659,21,6
4660,21,3
4661,11,2
4662,23,5
4663,19,5
4664,16,4
4665,16,6
4666,22,4
4667,2,1
4668,10,3
4669,7,6
4670,21,7
4671,19,5
4672,7,2
4673,8,2
4674,6,3
4675,10,4
4676,10,5
4677,10,7
4678,6,4
4679,10,3
4680,9,7
4681,4,1
4682,19,3
4683,2,1
4684,1,2
4685,1,7
4686,17,1
4687,14,7
4688,3,5
4689,14,6
4690,19,6
4691,4,4
4692,16,4
4693,11,7
4694,17,7
4695,15,6
4696,23,1
4697,17,6
4698,15,3
4699,22,2
4700,14,2
4701,22,2
4702,6,5
4703,5,7
4704,19,1
4705,4,6
4706,17,1
4707,5,7
4708,0,7
4709,16,4
4710,14,3
4711,13,7
4712,14,2
4713,11,4
4714,23,4
4715,23,3
4716,7,2
4717,7,2
4718,0,6
4719,22,1
4720,8,5
4721,1,7
4722,2,7
4723,23,2
4724,18,6
4725,12,3
4726,15,3
4727,17,6
4728,18,1
4729,0,5
4730,15,7
4731,15,5
4732,13,4
4733,1,2
4734,12,7
4735,9,3
4736,17,5
4737,16,5
4738,6,3
4739,16,7
4740,7,2
4741,11,6
4742,4,6
4743,8,6
4744,11,1
4745,22,5
4746,8,1
4747,17,2
4748,17,2
4749,13,7
4750,4,1
4751,16,7
4752,14,4
4753,9,7
4754,16,6
4755,18,5
4756,18,3
4757,12,1
4758,7,7
4759,19,3
4760,17,2
4761,18,7
4762,17,4
4763,17,4
4764,10,5
4765,4,6
4766,17,2
4767,20,7
4768,20,6
4769,1,2
4770,19,5
4771,20,5
4772,21,4
4773,7,1
4774,23,7
4775,3,7
4776,16,1
4777,16,5
4778,15,7
4779,4,2
4780,7,4
4781,21,5
4782,19,7
4783,3,1
4784,15,5
4785,18,3
4786,23,7
4787,9,4
4788,20,7
4789,19,5
4790,5,5
4791,13,1
4792,0,7
4793,21,6
4794,12,3
4795,19,1
4796,2,3
4797,22,4
4798,15,1
4799,8,7
4800,6,3
4801,10,1
4802,6,6
4803,6,7
4804,19,7
4805,21,5
4806,14,4
4807,2,2
4808,5,1
4809,4,5
4810,14,7
4811,0,4
4812,10,6
4813,12,6
4814,0,3
4815,16,1
4816,17,3
4817,0,7
4818,9,5
4819,14,6
4820,0,7
4821,5,3
4822,23,6
4823,18,3
4824,1,7
4825,2,7
4826,20,4
4827,1,4
4828,23,7
4829,18,7
4830,16,1
4831,21,1
4832,16,5
4833,15,4
4834,9,2
4835,20,3
4836,22,2
4837,17,1
4838,15,7
4839,12,2
4840,16,2
4841,13,4
4842,12,5
4843,14,5
4844,2,1
4845,15,3
4846,16,4
4847,6,3
4848,2,3
4849,2,4
4850,22,3
4851,2,1
4852,16,5
4853,19,4
4854,7,4
4855,5,6
4856,7,4
4857,3,1
4858,0,4
4859,18,2
4860,2,7
4861,2,6
4862,0,1
4863,18,1
4864,2,7
4865,10,3
4866,15,6
4867,16,3
4868,12,6
4869,14,2
4870,12,2
4871,10,7
4872,18,4
4873,18,5
4874,17,2
4875,19,4
4876,1,5
4877,14,1
4878,17,6
4879,17,1
4880,7,4
4881,11,3
4882,4,1
4883,20,7
4884,4,2
4885,7,1
4886,20,1
4887,18,3
4888,17,2
4889,2,1
4890,13,3
4891,6,5
4892,17,1
4893,16,6
4894,19,7
4895,5,2
4896,18,3
4897,6,4
4898,12,1
4899,21,7
4900,1,7
4901,15,3
4902,16,7
4903,3,7
4904,19,6
4905,12,6
4906,17,2
4907,1,1
4908,18,5
4909,21,5
4910,21,1
4911,13,5
4912,0,1
4913,15,6
4914,17,7
4915,7,4
4916,23,3
4917,15,7
4918,13,1
4919,7,6
4920,0,6
4921,1,6
4922,6,3
4923,16,6
4924,15,6
4925,14,5
4926,20,7
4927,15,2
4928,23,7
4929,4,5
4930,14,4
4931,18,6
4932,3,1
4933,12,6
4934,16,5
4935,21,6
4936,20,5
4937,17,6
4938,20,4
4939,22,4
4940,18,2
4941,21,3
4942,6,4
4943,18,1
4944,23,7
4945,22,3
4946,17,7
4947,18,2
4948,8,4
4949,5,3
4950,20,4
4951,10,6
4952,6,3
4953,2,1
4954,21,2
4955,0,7
4956,16,7
4957,12,7
4958,20,3
4959,0,5
4960,18,1
4961,22,6
4962,0,3
4963,7,6
4964,11,3
4965,22,7
4966,0,6
4967,6,6
4968,14,7
4969,17,5
4970,17,2
4971,22,6
4972,21,3
4973,2,1
4974,0,1
4975,2,6
4976,16,2
4977,15,7
4978,5,2
4979,1,7
4980,9,3
4981,3,7
4982,1,1
4983,21,1
4984,3,6
4985,15,3
4986,20,2
4987,3,7
4988,23,7
4989,16,6
4990,19,3
4991,15,2
4992,12,4
4993,2,6
4994,3,2
4995,23,4
4996,1,2
4997,10,1
4998,23,6
4999,18,7
5000,11,1
5001,4,1
5002,12,5
5003,11,1
5004,23,4
5005,21,4
5006,13,4
5007,17,5
5008,9,6
5009,21,2
5010,21,2
5011,20,5
5012,7,6
5013,3,4
5014,17,2
5015,12,3
5016,23,3
5017,9,7
5018,13,1
5019,4,5
5020,16,7
5021,8,6
5022,18,6
5023,20,1
5024,20,7
5025,21,4
5026,4,1
5027,11,7
5028,21,1
5029,18,4
5030,6,2
5031,3,1
5032,22,6
5033,20,6
5034,19,6
5035,20,1
5036,19,2
5037,6,3
5038,5,2
5039,15,7
5040,22,1
5041,0,7
5042,14,1
5043,22,7
5044,9,6
5045,19,3
5046,12,1
5047,22,6
5048,12,4
5049,20,5
5050,20,4
5051,21,5
5052,0,5
5053,14,6
5054,21,7
5055,22,5
5056,20,4
5057,19,6
5058,20,5
5059,9,6
5060,15,5
5061,16,7
5062,20,2
5063,4,7
5064,10,1
5065,12,6
5066,19,4
5067,20,1
5068,0,6
5069,10,5
5070,21,7
5071,20,7
5072,11,4
5073,13,4
5074,19,2
5075,15,6
5076,2,2
5077,15,2
5078,15,4
5079,16,7
5080,12,5
5081,23,5
5082,15,7
5083,21,7
5084,12,3
5085,3,7
5086,2,6
5087,14,6
5088,13,6
5089,11,3
5090,15,2
5091,22,4
5092,4,1
5093,20,1
5094,14,6
5095,15,4
5096,6,4
5097,21,2
5098,5,6
5099,10,5
5100,18,7
5101,23,3
5102,13,5
5103,22,3
5104,7,6
5105,18,2
5106,12,7
5107,18,2
5108,17,7
5109,18,3
5110,2,5
5111,11,4
5112,23,6
5113,20,5
5114,8,5
5115,17,7
5116,22,3
5117,16,1
5118,1,7
5119,15,1
5120,18,2
5121,2,3
5122,2,1
5123,19,7
5124,16,2
5125,9,3
5126,23,6
5127,21,1
5128,8,1
5129,22,3
5130,21,4
5131,3,2
5132,17,3
5133,23,7
5134,15,6
5135,15,6
5136,17,7
5137,23,4
5138,22,6
5139,0,1
5140,7,3
5141,5,3
5142,15,2
5143,1,7
5144,1,1
5145,12,3
5146,1,1
5147,17,3
5148,6,7
5149,21,5
5150,17,4
5151,5,3
5152,17,5
5153,12,3
5154,8,3
5155,6,7
5156,5,5
5157,3,7
5158,1,7
5159,9,1
5160,18,3
5161,19,2
5162,20,5
5163,10,7
5164,10,7
5165,12,3
5166,17,3
5167,0,6
5168,0,6
5169,13,5
5170,11,7
5171,14,1
5172,19,3
5173,2,6
5174,15,3
5175,5,4
5176,16,4
5177,2,5
5178,17,3
5179,14,5
5180,15,4
5181,12,1
5182,20,5
5183,21,1
5184,22,4
5185,2,7
5186,16,1
5187,11,4
5188,3,3
5189,11,6
5190,15,1
5191,18,6
5192,17,5
5193,7,4
5194,5,6
5195,16,4
5196,13,2
5197,12,7
5198,23,7
5199,17,2
5200,0,1
5201,20,4
5202,18,1
5203,16,1
5204,13,6
5205,18,6
5206,2,6
5207,2,5
5208,8,1
5209,0,5
5210,19,2
5211,13,6
5212,6,2
5213,2,6
5214,15,2
5215,6,5
5216,11,6
5217,9,3
5218,12,3
5219,6,4
5220,18,7
5221,21,7
5222,21,3
5223,12,7
5224,9,2
5225,16,6
5226,14,6
5227,20,5
5228,0,7
5229,20,2
5230,18,5
5231,17,1
5232,0,1
5233,2,6
5234,12,6
5235,22,2
5236,9,3
5237,2,5
5238,23,3
5239,1,7
5240,7,1
5241,5,2
5242,21,2
5243,5,7
5244,5,1
5245,15,3
5246,14,6
5247,7,1
5248,22,7
5249,18,2
5250,21,2
5251,18,2
5252,6,7
5253,21,6
5254,7,6
5255,9,7
5256,13,5
5257,18,5
5258,11,1
5259,20,6
5260,15,1
5261,12,7
5262,18,2
5263,2,6
5264,13,6
5265,99,4
5266,8,2
5267,8,7
5268,16,4
5269,18,3
5270,21,3
5271,2,1
5272,8,4
5273,16,2
5274,0,2
5275,17,1
5276,21,5
5277,13,2
5278,6,6
5279,20,6
5280,7,4
5281,15,2
5282,21,3
5283,20,3
5284,16,4
5285,1,2
5286,7,7
5287,7,7
5288,12,7
5289,99,7
5290,20,4
5291,18,6
5292,20,7
5293,15,1
5294,9,3
5295,3,2
5296,6,5
5297,6,5
5298,1,1
5299,8,3
5300,2,2
5301,2,7
5302,3,7
5303,20,3
5304,18,4
5305,1,4
5306,15,7
5307,15,7
5308,5,1
5309,22,2
5310,16,7
5311,7,2
5312,18,5
5313,18,5
5314,6,3
5315,0,7
5316,8,4
5317,0,7
5318,17,5
5319,4,1
5320,10,1
5321,14,5
5322,9,3
5323,9,6
5324,1,4
5325,3,2
5326,22,5
5327,2,2
5328,2,2
5329,3,7
5330,17,6
5331,15,7
5332,3,7
5333,17,1
5334,14,4
5335,6,2
5336,2,1
5337,13,2
5338,18,2
5339,3,1
5340,6,7
5341,22,7
5342,18,5
5343,22,5
5344,18,6
5345,17,6
5346,15,1
5347,11,4
5348,19,6
5349,20,5
5350,8,5
5351,16,6
5352,4,6
5353,0,7
5354,2,7
5355,3,4
5356,0,5
5357,7,5
5358,7,5
5359,2,3
5360,10,3
5361,2,6
5362,2,6
5363,1,2
5364,15,2
5365,18,5
5366,13,2
5367,17,6
5368,21,7
5369,13,1
5370,19,1
5371,23,5
5372,17,7
5373,1,4
5374,18,7
5375,2,1
5376,21,5
5377,16,1
5378,14,3
5379,12,1
5380,6,6
5381,21,6
5382,22,2
5383,21,5
5384,13,7
5385,18,5
5386,19,6
5387,4,1
5388,16,2
5389,23,4
5390,2,1
5391,5,4
5392,10,7
5393,10,7
5394,17,2
5395,21,6
5396,16,1
5397,18,2
5398,10,4
5399,1,7
5400,12,6
5401,1,7
5402,22,7
5403,5,1
5404,2,1
5405,22,2
5406,17,1
5407,14,2
5408,17,5
5409,0,4
5410,17,5
5411,1,5
5412,21,2
5413,16,3
5414,1,1
5415,12,3
5416,19,5
5417,4,1
5418,13,5
5419,18,2
5420,0,4
5421,1,4
5422,8,4
5423,8,4
5424,19,3
5425,11,7
5426,16,3
5427,22,1
5428,1,5
5429,1,7
5430,2,1
5431,22,2
5432,20,3
5433,21,5
5434,13,4
5435,2,1
5436,16,7
5437,8,6
5438,15,2
5439,17,4
5440,13,6
5441,1,1
5442,7,4
5443,17,4
5444,22,2
5445,3,1
5446,9,5
5447,10,5
5448,4,1
5449,12,1
5450,11,5
5451,2,1
5452,2,2
5453,18,1
5454,17,7
5455,22,1
5456,18,7
5457,17,2
5458,5,7
5459,23,5
5460,23,5
5461,20,3
5462,0,4
5463,12,3
5464,16,5
5465,21,7
5466,0,4
5467,7,3
5468,5,2
5469,22,2
5470,21,3
5471,5,4
5472,16,3
5473,21,3
5474,23,7
5475,2,7
5476,8,5
5477,2,1
5478,14,5
5479,14,5
5480,16,7
5481,18,3
5482,7,5
5483,21,5
5484,17,5
5485,17,2
5486,17,2
5487,2,7
5488,6,2
5489,21,4
5490,7,1
5491,15,7
5492,2,6
5493,19,2
5494,2,7
5495,9,5
5496,18,7
5497,5,3
5498,17,4
5499,22,5
5500,4,3
5501,23,7
5502,2,3
5503,13,2
5504,6,7
5505,2,5
5506,23,7
5507,22,7
5508,21,3
5509,1,7
5510,10,4
5511,0,3
5512,22,2
5513,1,1
5514,18,4
5515,22,3
5516,3,1
5517,2,7
5518,16,1
5519,15,3
5520,0,4
5521,12,4
5522,12,6
5523,0,6
5524,0,5
5525,23,5
5526,17,7
5527,23,4
5528,21,6
5529,23,4
5530,2,1
5531,16,3
5532,8,5
5533,9,5
5534,1,6
5535,21,2
5536,8,3
5537,20,3
5538,21,6
5539,20,2
5540,10,6
5541,20,7
5542,14,5
5543,10,4
5544,10,4
5545,17,5
5546,19,7
5547,14,4
5548,17,7
5549,14,2
5550,16,2
5551,18,3
5552,3,2
5553,3,2
5554,15,7
5555,23,6
5556,16,3
5557,9,6
5558,16,2
5559,21,7
5560,22,7
5561,0,1
5562,23,6
5563,21,6
5564,6,6
5565,6,6
5566,15,2
5567,11,4
5568,3,7
5569,3,7
5570,22,5
5571,19,6
5572,19,6
5573,9,3
5574,5,4
5575,9,1
5576,11,6
5577,12,1
5578,23,6
5579,12,7
5580,14,5
5581,0,5
5582,8,6
5583,12,2
5584,20,2
5585,0,2
5586,13,4
5587,14,5
5588,17,7
5589,12,1
5590,14,2
5591,21,3
5592,12,3
5593,12,6
5594,19,1
5595,14,5
5596,19,1
5597,14,1
5598,8,3
5599,2,1
5600,22,1
5601,2,1
5602,12,7
5603,14,4
5604,3,7
5605,3,7
5606,14,1
5607,15,6
5608,19,3
5609,6,6
5610,16,2
5611,20,1
5612,22,5
5613,23,7
5614,2,1
5615,14,2
5616,0,1
5617,19,7
5618,20,2
5619,8,5
5620,3,3
5621,12,1
5622,21,2
5623,10,2
5624,15,1
5625,7,2
5626,9,3
5627,19,4
5628,23,1
5629,14,4
5630,3,3
5631,9,5
5632,19,7
5633,21,2
5634,1,5
5635,99,2
5636,12,3
5637,13,5
5638,20,6
5639,16,1
5640,7,7
5641,1,7
5642,12,7
5643,8,5
5644,2,7
5645,17,4
5646,18,1
5647,14,1
5648,7,6
5649,4,4
5650,12,7
5651,17,6
5652,17,7
5653,15,1
5654,13,6
5655,9,3
5656,20,1
5657,15,6
5658,6,6
5659,10,6
5660,6,4
5661,8,4
5662,18,4
5663,20,3
5664,1,4
5665,5,2
5666,6,4
5667,13,6
5668,17,6
5669,12,5
5670,20,6
5671,4,3
5672,10,1
5673,20,3
5674,1,1
5675,21,6
5676,17,3
5677,7,2
5678,8,6
5679,9,2
5680,2,7
5681,16,2
5682,11,5
5683,11,5
5684,10,5
5685,23,3
5686,5,7
5687,0,1
5688,18,2
5689,0,4
5690,2,6
5691,13,6
5692,22,6
5693,22,3
5694,15,5
5695,11,3
5696,17,6
5697,5,3
5698,16,1
5699,23,7
5700,23,7
5701,6,1
5702,14,2
5703,11,5
5704,16,3
5705,2,5
5706,2,1
5707,12,1
5708,20,2
5709,10,4
5710,20,5
5711,20,5
5712,21,5
5713,9,1
5714,5,6
5715,22,3
5716,1,5
5717,17,2
5718,12,6
5719,14,6
5720,17,6
5721,10,7
5722,23,2
5723,4,3
5724,21,5
5725,22,1
5726,14,2
5727,13,1
5728,16,1
5729,22,1
5730,1,1
5731,18,3
5732,19,1
5733,20,5
5734,1,7
5735,19,5
5736,20,5
5737,20,6
5738,8,2
5739,20,2
5740,14,7
5741,18,3
5742,7,4
5743,20,4
5744,22,6
5745,11,1
5746,21,4
5747,13,5
5748,6,5
5749,20,7
5750,23,3
5751,15,5
5752,22,5
5753,22,5
5754,2,2
5755,14,7
5756,2,3
5757,14,4
5758,22,4
5759,21,4
5760,22,1
5761,4,4
5762,19,7
5763,6,3
5764,2,1
5765,22,6
5766,15,4
5767,17,7
5768,14,4
5769,21,6
5770,23,6
5771,6,3
5772,22,3
5773,20,3
5774,20,6
5775,22,6
5776,9,4
5777,7,7
5778,10,7
5779,20,1
5780,21,4
5781,0,2
5782,10,5
5783,16,5
5784,15,6
5785,16,5
5786,21,1
5787,8,3
5788,6,5
5789,3,1
5790,21,6
5791,21,2
5792,12,4
5793,11,4
5794,17,2
5795,1,7
5796,6,6
5797,19,2
5798,18,4
5799,5,4
5800,19,6
5801,18,3
5802,17,3
5803,3,7
5804,22,6
5805,3,7
5806,20,3
5807,14,4
5808,15,2
5809,7,2
5810,19,2
5811,3,1
5812,19,3
5813,18,6
5814,19,3
5815,3,1
5816,1,2
5817,23,1
5818,21,5
5819,22,7
5820,6,1
5821,11,7
5822,0,7
5823,21,5
5824,14,6
5825,6,6
5826,22,1
5827,0,6
5828,13,5
5829,15,3
5830,1,7
5831,14,4
5832,20,6
5833,22,7
5834,23,5
5835,14,1
5836,17,7
5837,0,7
5838,3,7
5839,10,5
5840,6,7
5841,13,6
5842,21,4
5843,5,6
5844,17,4
5845,23,2
5846,23,2
5847,5,3
5848,22,5
5849,19,5
5850,19,1
5851,23,1
5852,2,3
5853,20,4
5854,19,5
5855,0,5
5856,23,1
5857,2,6
5858,15,6
5859,20,7
5860,21,4
5861,6,1
5862,18,2
5863,11,3
5864,3,3
5865,14,1
5866,5,1
5867,18,6
5868,18,6
5869,15,1
5870,15,7
5871,20,4
5872,7,4
5873,12,5
5874,12,6
5875,11,1
5876,4,3
5877,21,4
5878,13,6
5879,3,2
5880,15,4
5881,19,1
5882,5,6
5883,20,1
5884,6,4
5885,16,2
5886,13,2
5887,20,7
5888,13,7
5889,13,3
5890,9,7
5891,17,1
5892,23,3
5893,10,5
5894,3,7
5895,6,6
5896,14,1
5897,16,6
5898,2,7
5899,23,1
5900,21,7
5901,3,1
5902,3,1
5903,23,6
5904,17,4
5905,17,4
5906,18,7
5907,23,5
5908,11,7
5909,5,6
5910,21,7
5911,23,6
5912,14,6
5913,4,7
5914,17,3
5915,23,7
5916,23,6
5917,4,7
5918,22,6
5919,22,1
5920,22,1
5921,19,2
5922,4,1
5923,16,3
5924,19,7
5925,18,3
5926,13,4
5927,12,1
5928,22,7
5929,1,1
5930,17,3
5931,4,7
5932,2,6
5933,3,5
5934,17,3
5935,0,4
5936,19,6
5937,20,7
5938,17,6
5939,0,6
5940,19,3
5941,9,5
5942,12,5
5943,20,2
5944,19,1
5945,15,6
5946,3,4
5947,13,6
5948,6,4
5949,15,4
5950,13,6
5951,11,6
5952,22,7
5953,20,7
5954,99,3
5955,14,1
5956,15,4
5957,11,6
5958,13,4
5959,17,6
5960,8,2
5961,8,5
5962,0,2
5963,4,6
5964,19,4
5965,18,6
5966,11,5
5967,2,7
5968,20,1
5969,19,3
5970,20,1
5971,16,2
5972,18,2
5973,5,2
5974,23,5
5975,19,1
5976,6,3
5977,2,6
5978,20,6
5979,20,6
5980,5,6
5981,21,2
5982,10,2
5983,16,5
5984,16,5
5985,19,6
5986,15,7
5987,19,4
5988,16,3
5989,23,1
5990,14,6
5991,16,5
5992,15,7
5993,17,6
5994,14,3
5995,4,7
5996,16,6
5997,20,6
5998,18,4
5999,16,2
6000,22,6
6001,13,3
6002,17,3
6003,22,6
6004,14,5
6005,4,6
6006,9,7
6007,8,2
6008,8,2
6009,4,1
6010,23,7
6011,15,1
6012,22,6
6013,13,3
6014,18,3
6015,14,7
6016,16,3
6017,23,7
6018,0,6
6019,22,7
6020,22,1
6021,12,2
6022,2,6
6023,23,3
6024,1,1
6025,6,2
6026,14,4
6027,11,7
6028,15,5
6029,14,2
6030,16,3
6031,10,5
6032,17,5
6033,15,6
6034,13,2
6035,3,5
6036,13,3
6037,18,6
6038,0,1
6039,10,3
6040,14,5
6041,0,7
6042,4,1
6043,7,7
6044,7,7
6045,16,5
6046,13,1
6047,10,2
6048,21,2
6049,21,2
6050,1,1
6051,2,6
6052,11,1
6053,1,5
6054,12,6
6055,4,1
6056,14,3
6057,22,1
6058,18,4
6059,20,2
6060,2,7
6061,16,3
6062,13,2
6063,16,7
6064,4,3
6065,13,2
6066,13,3
6067,18,3
6068,18,1
6069,14,1
6070,15,1
6071,5,6
6072,18,4
6073,6,3
6074,17,3
6075,4,6
6076,0,1
6077,18,3
6078,6,5
6079,19,3
6080,10,7
6081,3,2
6082,14,7
6083,17,3
6084,18,7
6085,15,6
6086,16,7
6087,0,1
6088,15,3
6089,2,6
6090,21,6
6091,19,2
6092,14,3
6093,23,7
6094,22,1
6095,19,3
6096,11,1
6097,17,3
6098,21,7
6099,17,4
6100,17,4
6101,1,3
6102,23,1
6103,21,6
6104,2,6
6105,18,5
6106,21,5
6107,19,7
6108,18,2
6109,19,5
6110,11,7
6111,3,6
6112,6,6
6113,0,1
6114,14,2
6115,19,2
6116,19,2
6117,2,7
6118,4,7
6119,18,4
6120,3,1
6121,22,7
6122,20,6
6123,0,1
6124,18,5
6125,17,2
6126,14,4
6127,0,6
6128,6,3
6129,12,2
6130,6,2
6131,15,6
6132,2,4
6133,2,6
6134,17,3
6135,16,7
6136,2,1
6137,10,4
6138,18,1
6139,19,3
6140,19,3
6141,23,6
6142,6,6
6143,15,1
6144,20,7
6145,17,5
6146,22,5
6147,13,1
6148,17,2
6149,11,6
6150,8,7
6151,2,6
6152,23,7
6153,18,7
6154,16,7
6155,16,2
6156,16,4
6157,21,3
6158,16,2
6159,11,6
6160,7,6
6161,1,1
6162,14,5
6163,18,5
6164,6,3
6165,12,1
6166,11,5
6167,14,6
6168,0,6
6169,2,6
6170,2,7
6171,2,7
6172,2,7
6173,2,4
6174,9,3
6175,22,1
6176,20,1
6177,16,7
6178,17,1
6179,16,6
6180,19,5
6181,1,1
6182,11,7
6183,5,7
6184,0,5
6185,21,6
6186,15,4
6187,12,1
6188,23,7
6189,10,5
6190,1,7
6191,23,5
6192,17,2
6193,20,1
6194,20,1
6195,20,1
6196,7,3
6197,7,3
6198,6,3
6199,19,4
6200,21,6
6201,20,2
6202,16,2
6203,18,7
6204,18,7
6205,20,3
6206,23,1
6207,21,5
6208,16,6
6209,5,2
6210,21,7
6211,23,4
6212,7,5
6213,10,6
6214,1,6
6215,5,3
6216,12,6
6217,14,3
6218,3,6
6219,21,7
6220,15,6
6221,6,6
6222,5,6
6223,2,7
6224,19,4
6225,0,2
6226,9,3
6227,6,5
6228,1,7
6229,16,2
6230,0,3
6231,12,4
6232,17,7
6233,13,2
6234,17,5
6235,4,7
6236,3,7
6237,13,6
6238,23,7
6239,17,4
6240,7,1
6241,3,1
6242,17,1
6243,18,7
6244,3,7
6245,16,7
6246,15,7
6247,8,2
6248,1,1
6249,19,1
6250,22,7
6251,23,7
6252,22,1
6253,23,1
6254,18,3
6255,11,3
6256,20,5
6257,11,6
6258,2,7
6259,21,5
6260,21,6
6261,3,7
6262,9,2
6263,7,5
6264,14,3
6265,19,2
6266,16,3
6267,13,4
6268,19,5
6269,9,3
6270,21,1
6271,6,7
6272,0,1
6273,13,4
6274,19,3
6275,4,5
6276,20,3
6277,17,1
6278,7,4
6279,5,3
6280,21,1
6281,20,4
6282,13,1
6283,21,5
6284,19,2
6285,7,6
6286,21,5
6287,15,1
6288,17,5
6289,17,5
6290,21,4
6291,15,5
6292,18,5
6293,19,3
6294,3,7
6295,17,2
6296,16,3
6297,18,4
6298,19,6
6299,13,2
6300,16,1
6301,21,2
6302,23,1
6303,19,6
6304,20,7
6305,21,3
6306,11,3
6307,19,7
6308,7,2
6309,14,5
6310,4,7
6311,8,2
6312,14,3
6313,22,4
6314,5,6
6315,17,6
6316,22,3
6317,17,2
6318,3,1
6319,1,4
6320,21,3
6321,21,5
6322,19,2
6323,22,4
6324,20,4
6325,18,4
6326,14,4
6327,16,5
6328,4,7
6329,8,1
6330,23,5
6331,4,6
6332,5,4
6333,17,1
6334,16,2
6335,17,3
6336,22,3
6337,18,7
6338,4,7
6339,9,7
6340,22,2
6341,18,7
6342,14,1
6343,16,3
6344,7,7
6345,23,7
6346,3,3
6347,14,5
6348,20,4
6349,17,6
6350,7,3
6351,15,5
6352,14,5
6353,21,6
6354,7,2
6355,21,4
6356,8,2
6357,17,2
6358,18,2
6359,23,7
6360,21,7
6361,8,2
6362,8,6
6363,22,4
6364,15,7
6365,2,1
6366,4,6
6367,20,6
6368,6,4
6369,5,6
6370,22,2
6371,21,2
6372,0,1
6373,13,6
6374,21,1
6375,21,1
6376,8,5
6377,14,7
6378,6,4
6379,11,1
6380,7,1
6381,17,2
6382,18,5
6383,17,7
6384,17,5
6385,2,5
6386,12,2
6387,8,4
6388,7,5
6389,17,7
6390,15,4
6391,2,7
6392,0,4
6393,23,3
6394,23,1
6395,22,2
6396,1,7
6397,3,6
6398,4,4
6399,7,3
6400,11,5
6401,21,2
6402,18,4
6403,16,2
6404,21,7
6405,17,4
6406,10,2
6407,20,2
6408,18,5
6409,6,2
6410,20,2
6411,4,1
6412,20,5
6413,15,7
6414,9,2
6415,16,3
6416,14,4
6417,17,3
6418,16,5
6419,16,4
6420,16,1
6421,16,5
6422,99,3
6423,15,4
6424,8,1
6425,1,6
6426,21,2
6427,14,2
6428,7,4
6429,22,1
6430,11,6
6431,2,7
6432,16,3
6433,7,3
6434,8,6
6435,0,7
6436,15,6
6437,9,3
6438,19,4
6439,15,2
6440,15,6
6441,11,2
6442,22,6
6443,11,1
6444,19,1
6445,15,3
6446,17,1
6447,12,5
6448,14,3
6449,16,1
6450,21,1
6451,18,7
6452,16,2
6453,20,3
6454,21,4
6455,22,1
6456,5,6
6457,23,6
6458,14,5
6459,7,5
6460,19,5
6461,19,6
6462,1,1
6463,0,5
6464,21,6
6465,4,1
6466,15,3
6467,6,3
6468,0,7
6469,5,2
6470,18,3
6471,4,7
6472,21,2
6473,22,1
6474,16,3
6475,17,3
6476,15,4
6477,3,1
6478,12,7
6479,22,4
6480,16,5
6481,18,4
6482,4,7
6483,3,6
6484,5,5
6485,8,1
6486,20,7
6487,1,1
6488,17,4
6489,1,6
6490,20,5
6491,20,7
6492,3,1
6493,6,4
6494,17,4
6495,18,7
6496,21,4
6497,2,7
6498,20,3
6499,14,1
6500,17,4
6501,17,7
6502,12,3
6503,18,1
6504,6,2
6505,12,5
6506,20,3
6507,1,4
6508,1,4
6509,6,4
6510,20,6
6511,23,4
6512,15,1
6513,18,4
6514,11,3
6515,14,7
6516,19,3
6517,6,6
6518,1,6
6519,23,6
6520,11,2
6521,19,2
6522,19,4
6523,6,5
6524,12,7
6525,0,1
6526,19,1
6527,1,7
6528,18,7
6529,7,6
6530,2,2
6531,22,4
6532,11,6
6533,18,5
6534,17,4
6535,21,1
6536,7,6
6537,0,7
6538,0,4
6539,5,7
6540,12,1
6541,18,6
6542,21,4
6543,14,5
6544,20,5
6545,12,5
6546,3,1
6547,22,3
6548,0,3
6549,18,2
6550,7,5
6551,23,7
6552,22,6
6553,0,1
6554,16,7
6555,20,7
6556,12,7
6557,23,4
6558,5,6
6559,4,2
6560,19,2
6561,6,2
6562,8,6
6563,10,2
6564,3,7
6565,18,2
6566,17,3
6567,22,3
6568,17,7
6569,18,1
6570,11,5
6571,4,7
6572,4,7
6573,13,4
6574,20,6
6575,0,7
6576,5,5
6577,15,7
6578,0,7
6579,3,6
6580,8,6
6581,12,4
6582,4,6
6583,15,7
6584,12,1
6585,11,4
6586,15,4
6587,17,1
6588,14,6
6589,1,1
6590,22,4
6591,3,1
6592,14,3
6593,17,6
6594,19,4
6595,13,3
6596,99,7
6597,7,7
6598,9,4
6599,9,4
6600,99,5
6601,19,5
6602,20,7
6603,6,5
6604,6,5
6605,6,5
6606,10,6
6607,8,3
6608,12,3
6609,2,2
6610,14,1
6611,18,2
6612,0,4
6613,10,5
6614,11,6
6615,7,4
6616,1,1
6617,13,7
6618,22,2
6619,6,3
6620,7,4
6621,15,3
6622,23,1
6623,23,6
6624,17,2
6625,17,4
6626,6,7
6627,21,5
6628,14,5
6629,16,7
6630,2,2
6631,13,7
6632,14,1
6633,11,7
6634,2,7
6635,15,6
6636,20,7
6637,12,2
6638,19,3
6639,9,7
6640,20,7
6641,15,4
6642,22,3
6643,1,3
6644,12,5
6645,22,6
6646,2,7
6647,20,1
6648,23,1
6649,2,6
6650,10,6
6651,4,7
6652,6,2
6653,12,5
6654,21,6
6655,1,1
6656,10,1
6657,18,2
6658,18,1
6659,19,1
6660,22,4
6661,0,7
6662,21,6
6663,19,2
6664,10,4
6665,16,2
6666,14,6
6667,2,1
6668,4,5
6669,21,7
6670,0,1
6671,13,2
6672,6,2
6673,11,3
6674,16,5
6675,12,7
6676,11,3
6677,19,6
6678,0,7
6679,2,1
6680,1,1
6681,12,2
6682,11,3
6683,21,4
6684,2,1
6685,21,5
6686,21,6
6687,17,2
6688,4,7
6689,21,1
6690,19,3
6691,17,4
6692,2,5
6693,10,4
6694,3,7
6695,17,1
6696,6,5
6697,1,7
6698,20,5
6699,21,1
6700,19,6
6701,18,5
6702,8,5
6703,8,5
6704,5,6
6705,8,1
6706,12,5
6707,1,7
6708,2,1
6709,1,1
6710,18,2
6711,13,1
6712,4,1
6713,0,7
6714,1,7
6715,23,5
6716,2,1
6717,8,4
6718,6,2
6719,3,5
6720,14,4
6721,17,7
6722,15,3
6723,17,5
6724,20,6
6725,0,7
6726,2,6
6727,18,5
6728,4,3
6729,18,6
6730,9,4
6731,11,2
6732,23,6
6733,1,1
6734,7,5
6735,20,1
6736,15,3
6737,7,5
6738,14,5
6739,15,3
6740,20,3
6741,22,7
6742,22,7
6743,2,6
6744,7,5
6745,1,1
6746,5,6
6747,2,1
6748,23,1
6749,14,6
6750,16,7
6751,12,3
6752,23,6
6753,6,3
6754,20,7
6755,1,4
6756,21,5
6757,12,7
6758,22,7
6759,22,5
6760,2,6
6761,23,7
6762,2,1
6763,18,3
6764,6,4
6765,2,7
6766,10,1
6767,17,2
6768,17,1
6769,23,3
6770,18,1
6771,0,2
6772,0,3
6773,19,7
6774,3,1
6775,12,3
6776,22,1
6777,15,2
6778,7,1
6779,16,4
6780,17,4
6781,1,1
6782,20,3
6783,0,5
6784,20,7
6785,7,4
6786,10,3
6787,7,4
6788,2,7
6789,13,4
6790,7,3
6791,15,6
6792,15,6
6793,1,2
6794,2,6
6795,1,5
6796,2,6
6797,6,4
6798,23,5
6799,18,5
6800,16,7
6801,4,7
6802,17,3
6803,7,3
6804,0,1
6805,0,6
6806,6,7
6807,17,5
6808,7,4
6809,10,5
6810,22,1
6811,5,4
6812,3,7
6813,3,1
6814,18,4
6815,1,7
6816,4,3
6817,1,2
6818,23,6
6819,23,6
6820,15,7
6821,15,3
6822,21,3
6823,0,1
6824,17,2
6825,21,4
6826,2,4
6827,20,7
6828,6,4
6829,3,3
6830,4,1
6831,21,7
6832,6,3
6833,14,2
6834,14,4
6835,9,3
6836,19,3
6837,6,4
6838,16,1
6839,0,4
6840,17,7
6841,17,6
6842,1,1
6843,1,3
6844,11,6
6845,23,1
6846,15,7
6847,17,3
6848,20,3
6849,4,3
6850,20,3
6851,16,5
6852,9,4
6853,16,3
6854,3,1
6855,16,1
6856,21,3
6857,23,6
6858,21,4
6859,12,7
6860,16,2
6861,2,1
6862,18,4
6863,8,1
6864,18,5
6865,18,3
6866,20,3
6867,15,6
6868,7,6
6869,17,5
6870,18,6
6871,20,7
6872,11,7
6873,21,2
6874,13,2
6875,3,1
6876,16,7
6877,16,7
6878,20,5
6879,22,2
6880,16,3
6881,17,1
6882,19,4
6883,5,7
6884,3,3
6885,17,7
6886,16,1
6887,20,1
6888,12,5
6889,19,3
6890,20,5
6891,1,4
6892,7,2
6893,21,1
6894,10,3
6895,11,7
6896,7,5
6897,23,4
6898,10,5
6899,3,7
6900,14,3
6901,14,3
6902,7,7
6903,13,6
6904,15,5
6905,21,7
6906,2,7
6907,0,7
6908,22,5
6909,2,1
6910,11,6
6911,12,7
6912,12,7
6913,4,3
6914,22,3
